  Software version: rpdemo 0.2
  Start time: Fri Jul  1 10:46:43 2016

Using PRNG seed:  15455440707583219804 
Same seed in hex:   0xD67CC16FE69C185C 
Generating default name from UTC start time
Scenario assigned name: -|Scenario-UTC-2016-07-01-0746-43|-
Name of scenario: ReformPriorities_top4_s1
Found 5 categories 
Found 5 items 
pDecline factor: 0.850 
obFactor: 0.100 
Found 48 actors 
done reading XML
There are 48 actors and 5 reform items 
Computing positions ... 
For 5 reform items there are 120 positions
Computing utilities of positions ... 
Effective gov costs:
30.000 15.000 20.000 25.000 30.000 

Complete (normalized) utility matrix of all possible positions (rows) versus actors (columns)
  0  [VUI  0  1  2  3  4 ]  0.4988, 0.9804, 0.3877, 0.9737, 0.7437, 0.6298, 0.3508, 0.9986, 0.9928, 0.9844, 0.6799, 0.9393, 0.8162, 0.9841, 0.9689, 0.9932, 0.3277, 0.3875, 0.9730, 0.2092, 1.0000, 0.9905, 0.9856, 0.9663, 0.9895, 1.0000, 0.8672, 0.9843, 0.9212, 0.7888, 0.9249, 0.9668, 0.2265, 0.3943, 0.3417, 0.3574, 0.3363, 0.6778, 0.8063, 0.7786, 0.8939, 0.6021, 0.5513, 0.6943, 0.9883, 0.2282, 0.9270, 0.9861, 
  1  [VUI  0  1  2  4  3 ]  0.7434, 0.8584, 0.4844, 0.9505, 0.6790, 0.5023, 0.3641, 0.9802, 1.0000, 0.8627, 0.6799, 0.8835, 0.8053, 0.9778, 0.9483, 0.9029, 0.5677, 0.7275, 0.8642, 0.4719, 0.9557, 0.8421, 0.9317, 0.8251, 0.9260, 0.9795, 0.6348, 0.8961, 0.9984, 0.8649, 0.9732, 0.9321, 0.4632, 0.2617, 0.2087, 0.2678, 0.2443, 0.8200, 0.7837, 0.8857, 0.8859, 0.7469, 0.8505, 0.7551, 0.9369, 0.3286, 0.9270, 0.9861, 
  2  [VUI  0  1  3  2  4 ]  0.5208, 1.0000, 0.4470, 0.9200, 0.7936, 0.6987, 0.4223, 0.9631, 0.9817, 1.0000, 0.7291, 0.9581, 0.8476, 0.9326, 0.9253, 0.9816, 0.3621, 0.3897, 0.9924, 0.2497, 0.9744, 1.0000, 0.9752, 0.9936, 1.0000, 0.9829, 0.8395, 1.0000, 0.9040, 0.7998, 0.8985, 0.9172, 0.2666, 0.4729, 0.4230, 0.4355, 0.4169, 0.6979, 0.8413, 0.7937, 0.9123, 0.6344, 0.5554, 0.7177, 0.9487, 0.2959, 0.9388, 0.9624, 
  3  [VUI  0  1  3  4  2 ]  0.8796, 0.9797, 0.8517, 0.6183, 0.9877, 0.9283, 0.8064, 0.7605, 0.9312, 0.9595, 0.9838, 1.0000, 1.0000, 0.6592, 0.6785, 0.8312, 0.7803, 0.7405, 0.9840, 0.7227, 0.7973, 0.9011, 0.8674, 0.9936, 0.9909, 0.8735, 0.4631, 0.9932, 0.8921, 0.9329, 0.8101, 0.6250, 0.7113, 0.7482, 0.7114, 0.7511, 0.7431, 0.9445, 1.0000, 0.9793, 1.0000, 0.9469, 0.8760, 0.9002, 0.6915, 0.7477, 1.0000, 0.8396, 
  4  [VUI  0  1  4  2  3 ]  0.8126, 0.8545, 0.5625, 0.8923, 0.7164, 0.5466, 0.4381, 0.9411, 0.9903, 0.8549, 0.7291, 0.8915, 0.8347, 0.9250, 0.9007, 0.8739, 0.6483, 0.7951, 0.8625, 0.5631, 0.9216, 0.8230, 0.9109, 0.8251, 0.9243, 0.9584, 0.5622, 0.8948, 0.9961, 0.8905, 0.9561, 0.8757, 0.5489, 0.3148, 0.2643, 0.3287, 0.3072, 0.8676, 0.8143, 0.9215, 0.9028, 0.8072, 0.9123, 0.7903, 0.8873, 0.4157, 0.9388, 0.9624, 
  5  [VUI  0  1  4  3  2 ]  0.9268, 0.9561, 0.8703, 0.6139, 0.9752, 0.9037, 0.8089, 0.7570, 0.9326, 0.9360, 0.9838, 0.9892, 0.9979, 0.6580, 0.6745, 0.8138, 0.8266, 0.8061, 0.9630, 0.7733, 0.7888, 0.8724, 0.8570, 0.9663, 0.9787, 0.8695, 0.4183, 0.9762, 0.9070, 0.9476, 0.8194, 0.6183, 0.7569, 0.7226, 0.6857, 0.7338, 0.7254, 0.9719, 0.9956, 1.0000, 0.9985, 0.9749, 0.9337, 0.9119, 0.6816, 0.7670, 1.0000, 0.8396, 
  6  [VUI  0  2  1  3  4 ]  0.4766, 0.9389, 0.3597, 1.0000, 0.6813, 0.5749, 0.3058, 1.0000, 0.9650, 0.9414, 0.6183, 0.8981, 0.7569, 1.0000, 1.0000, 1.0000, 0.2904, 0.3726, 0.9578, 0.1939, 0.9986, 0.9568, 0.9489, 0.9407, 0.9381, 0.9969, 0.9476, 0.9489, 0.8740, 0.7025, 0.9486, 1.0000, 0.2021, 0.3712, 0.3317, 0.3297, 0.3230, 0.6305, 0.7515, 0.7348, 0.8559, 0.5502, 0.5125, 0.6390, 1.0000, 0.1940, 0.9131, 1.0000, 
  7  [VUI  0  2  1  4  3 ]  0.7212, 0.8169, 0.4565, 0.9768, 0.6166, 0.4473, 0.3190, 0.9816, 0.9722, 0.8198, 0.6183, 0.8423, 0.7460, 0.9936, 0.9794, 0.9098, 0.5304, 0.7125, 0.8490, 0.4566, 0.9543, 0.8084, 0.8950, 0.7994, 0.8746, 0.9764, 0.7152, 0.8607, 0.9512, 0.7786, 0.9969, 0.9652, 0.4387, 0.2386, 0.1986, 0.2401, 0.2310, 0.7727, 0.7288, 0.8419, 0.8479, 0.6950, 0.8117, 0.6999, 0.9486, 0.2944, 0.9131, 1.0000, 
  8  [VUI  0  2  3  1  4 ]  0.4797, 0.9232, 0.3953, 0.9687, 0.6782, 0.5970, 0.3390, 0.9657, 0.9302, 0.9206, 0.6150, 0.8820, 0.7380, 0.9620, 0.9828, 0.9942, 0.2930, 0.3620, 0.9643, 0.2214, 0.9717, 0.9377, 0.9073, 0.9461, 0.9049, 0.9771, 0.9882, 0.9345, 0.8167, 0.6402, 0.9424, 0.9785, 0.2214, 0.4301, 0.4044, 0.3843, 0.3924, 0.6103, 0.7398, 0.7128, 0.8421, 0.5384, 0.4836, 0.6156, 0.9702, 0.2327, 0.9131, 0.9882, 
  9  [VUI  0  2  3  4  1 ]  0.1311, 0.4867, 0.0798, 0.5929, 0.1519, 0.2079, 0.0424, 0.6364, 0.5089, 0.4515, 0.0635, 0.4541, 0.2224, 0.6022, 0.7383, 0.6668, 0.0275, 0.0000, 0.5595, 0.0361, 0.6639, 0.4957, 0.3725, 0.6293, 0.4997, 0.7397, 0.6394, 0.5781, 0.3981, 0.1375, 0.7291, 0.7092, 0.0153, 0.1723, 0.1684, 0.1271, 0.1417, 0.0700, 0.3074, 0.3124, 0.4095, 0.1050, 0.0937, 0.0162, 0.5621, 0.0402, 0.7324, 0.7456, 
 10  [VUI  0  2  4  1  3 ]  0.7715, 0.7777, 0.5108, 0.9410, 0.6010, 0.4449, 0.3548, 0.9437, 0.9388, 0.7755, 0.6150, 0.8154, 0.7250, 0.9544, 0.9583, 0.8866, 0.5793, 0.7675, 0.8344, 0.5348, 0.9189, 0.7607, 0.8430, 0.7776, 0.8292, 0.9526, 0.7109, 0.8293, 0.9088, 0.7309, 1.0000, 0.9370, 0.5038, 0.2720, 0.2456, 0.2774, 0.2826, 0.7800, 0.7128, 0.8405, 0.8325, 0.7112, 0.8406, 0.6881, 0.9089, 0.3525, 0.9131, 0.9882, 
 11  [VUI  0  2  4  3  1 ]  0.4189, 0.3432, 0.1937, 0.5656, 0.0758, 0.0579, 0.0580, 0.6148, 0.5174, 0.3084, 0.0635, 0.3884, 0.2096, 0.5947, 0.7141, 0.5606, 0.3098, 0.3999, 0.4314, 0.3452, 0.6118, 0.3212, 0.3091, 0.4631, 0.4251, 0.7156, 0.3659, 0.4743, 0.4890, 0.2269, 0.7859, 0.6683, 0.2938, 0.0163, 0.0118, 0.0217, 0.0335, 0.2373, 0.2807, 0.4384, 0.4001, 0.2754, 0.4457, 0.0878, 0.5016, 0.1583, 0.7324, 0.7456, 
 12  [VUI  0  3  1  2  4 ]  0.5245, 0.9816, 0.4890, 0.8831, 0.7899, 0.7247, 0.4614, 0.9227, 0.9408, 0.9755, 0.7252, 0.9391, 0.8254, 0.8879, 0.9050, 0.9747, 0.3652, 0.3772, 1.0000, 0.2821, 0.9428, 0.9776, 0.9263, 1.0000, 0.9609, 0.9596, 0.8872, 0.9831, 0.8366, 0.7265, 0.8912, 0.8919, 0.2894, 0.5423, 0.5086, 0.4998, 0.4985, 0.6743, 0.8276, 0.7678, 0.8960, 0.6206, 0.5215, 0.6901, 0.9136, 0.3415, 0.9388, 0.9485, 
 13  [VUI  0  3  1  4  2 ]  0.8833, 0.9612, 0.8936, 0.5815, 0.9840, 0.9543, 0.8454, 0.7201, 0.8903, 0.9349, 0.9800, 0.9810, 0.9778, 0.6145, 0.6583, 0.8244, 0.7834, 0.7281, 0.9916, 0.7550, 0.7657, 0.8786, 0.8184, 1.0000, 0.9519, 0.8502, 0.5109, 0.9763, 0.8247, 0.8596, 0.8028, 0.5997, 0.7340, 0.8176, 0.7969, 0.8153, 0.8247, 0.9208, 0.9863, 0.9534, 0.9837, 0.9331, 0.8421, 0.8726, 0.6565, 0.7932, 1.0000, 0.8257, 
 14  [VUI  0  3  2  1  4 ]  0.5057, 0.9463, 0.4652, 0.9055, 0.7369, 0.6780, 0.4231, 0.9239, 0.9171, 0.9390, 0.6728, 0.9041, 0.7751, 0.9014, 0.9315, 0.9805, 0.3335, 0.3645, 0.9871, 0.2691, 0.9416, 0.9489, 0.8951, 0.9782, 0.9172, 0.9569, 0.9555, 0.9530, 0.7965, 0.6531, 0.9114, 0.9201, 0.2686, 0.5227, 0.5000, 0.4762, 0.4872, 0.6340, 0.7810, 0.7306, 0.8638, 0.5765, 0.4885, 0.6432, 0.9236, 0.3124, 0.9270, 0.9603, 
 15  [VUI  0  3  2  4  1 ]  0.1570, 0.5097, 0.1497, 0.5297, 0.2106, 0.2889, 0.1265, 0.5946, 0.4958, 0.4699, 0.1213, 0.4763, 0.2595, 0.5416, 0.6870, 0.6531, 0.0679, 0.0025, 0.5823, 0.0838, 0.6338, 0.5070, 0.3603, 0.6614, 0.5121, 0.7195, 0.6068, 0.5965, 0.3779, 0.1504, 0.6981, 0.6508, 0.0625, 0.2648, 0.2640, 0.2190, 0.2366, 0.0937, 0.3485, 0.3302, 0.4312, 0.1430, 0.0985, 0.0438, 0.5155, 0.1199, 0.7462, 0.7178, 
 16  [VUI  0  3  4  1  2 ]  0.9336, 0.9220, 0.9479, 0.5457, 0.9684, 0.9518, 0.8812, 0.6823, 0.8569, 0.8906, 0.9767, 0.9541, 0.9568, 0.5753, 0.6371, 0.8011, 0.8324, 0.7831, 0.9771, 0.8332, 0.7304, 0.8309, 0.7664, 0.9782, 0.9064, 0.8264, 0.5066, 0.9449, 0.7823, 0.8119, 0.8059, 0.5715, 0.7991, 0.8510, 0.8440, 0.8526, 0.8763, 0.9281, 0.9703, 0.9520, 0.9683, 0.9493, 0.8709, 0.8609, 0.6168, 0.8513, 1.0000, 0.8138, 
 17  [VUI  0  3  4  2  1 ]  0.5791, 0.4858, 0.6257, 0.1748, 0.4389, 0.5590, 0.5783, 0.3563, 0.4364, 0.4222, 0.4210, 0.5255, 0.4387, 0.2200, 0.3967, 0.4762, 0.5599, 0.4153, 0.5724, 0.6401, 0.4255, 0.3906, 0.2334, 0.6614, 0.5014, 0.5908, 0.1640, 0.5886, 0.3639, 0.3070, 0.5940, 0.3070, 0.5857, 0.5886, 0.6033, 0.5903, 0.6203, 0.3837, 0.5352, 0.5486, 0.5344, 0.5107, 0.4757, 0.2585, 0.2129, 0.6513, 0.8183, 0.5733, 
 18  [VUI  0  4  1  2  3 ]  0.8718, 0.8084, 0.6263, 0.8502, 0.6981, 0.5437, 0.4802, 0.8966, 0.9510, 0.8028, 0.7252, 0.8599, 0.8100, 0.8789, 0.8759, 0.8466, 0.7059, 0.8598, 0.8454, 0.6551, 0.8800, 0.7669, 0.8497, 0.7994, 0.8708, 0.9305, 0.5572, 0.8578, 0.9462, 0.8344, 0.9598, 0.8425, 0.6254, 0.3542, 0.3196, 0.3726, 0.3679, 0.8762, 0.7954, 0.9198, 0.8847, 0.8262, 0.9463, 0.7765, 0.8406, 0.4840, 0.9388, 0.9485, 
 19  [VUI  0  4  1  3  2 ]  0.9860, 0.9100, 0.9342, 0.5717, 0.9569, 0.9008, 0.8510, 0.7124, 0.8933, 0.8839, 0.9800, 0.9576, 0.9732, 0.6119, 0.6496, 0.7865, 0.8842, 0.8708, 0.9459, 0.8653, 0.7472, 0.8163, 0.7958, 0.9407, 0.9252, 0.8416, 0.4133, 0.9392, 0.8571, 0.8915, 0.8230, 0.5851, 0.8334, 0.7620, 0.7411, 0.7777, 0.7861, 0.9805, 0.9768, 0.9984, 0.9804, 0.9939, 0.9677, 0.8981, 0.6349, 0.8353, 1.0000, 0.8257, 
 20  [VUI  0  4  2  1  3 ]  0.8529, 0.7731, 0.6026, 0.8726, 0.6451, 0.4969, 0.4419, 0.8977, 0.9274, 0.7663, 0.6728, 0.8249, 0.7596, 0.8924, 0.9023, 0.8524, 0.6742, 0.8471, 0.8325, 0.6421, 0.8787, 0.7382, 0.8185, 0.7776, 0.8271, 0.9278, 0.6255, 0.8277, 0.9061, 0.7611, 0.9799, 0.8707, 0.6047, 0.3345, 0.3111, 0.3490, 0.3566, 0.8360, 0.7488, 0.8827, 0.8524, 0.7821, 0.9133, 0.7296, 0.8505, 0.4550, 0.9270, 0.9603, 
 21  [VUI  0  4  2  3  1 ]  0.5003, 0.3386, 0.2855, 0.4971, 0.1198, 0.1100, 0.1451, 0.5688, 0.5059, 0.2992, 0.1213, 0.3979, 0.2442, 0.5327, 0.6581, 0.5265, 0.4046, 0.4795, 0.4295, 0.4525, 0.5717, 0.2987, 0.2846, 0.4631, 0.4230, 0.6907, 0.2805, 0.4727, 0.4863, 0.2571, 0.7658, 0.6020, 0.3947, 0.0788, 0.0773, 0.0933, 0.1075, 0.2933, 0.3167, 0.4805, 0.4200, 0.3463, 0.5184, 0.1292, 0.4433, 0.2608, 0.7462, 0.7178, 
 22  [VUI  0  4  3  1  2 ]  0.9891, 0.8943, 0.9698, 0.5404, 0.9537, 0.9229, 0.8842, 0.6781, 0.8585, 0.8630, 0.9767, 0.9414, 0.9543, 0.5738, 0.6325, 0.7807, 0.8868, 0.8602, 0.9524, 0.8928, 0.7203, 0.7972, 0.7542, 0.9461, 0.8920, 0.8218, 0.4538, 0.9249, 0.7998, 0.8291, 0.8168, 0.5636, 0.8528, 0.8210, 0.8138, 0.8323, 0.8554, 0.9604, 0.9651, 0.9763, 0.9665, 0.9821, 0.9388, 0.8747, 0.6051, 0.8741, 1.0000, 0.8138, 
 23  [VUI  0  4  3  2  1 ]  0.6346, 0.4581, 0.6477, 0.1695, 0.4243, 0.5301, 0.5813, 0.3522, 0.4380, 0.3946, 0.4210, 0.5129, 0.4362, 0.2185, 0.3920, 0.4557, 0.6144, 0.4924, 0.5477, 0.6997, 0.4154, 0.3569, 0.2212, 0.6293, 0.4870, 0.5862, 0.1112, 0.5685, 0.3815, 0.3242, 0.6049, 0.2991, 0.6394, 0.5586, 0.5731, 0.5700, 0.5995, 0.4160, 0.5301, 0.5729, 0.5326, 0.5436, 0.5436, 0.2723, 0.2012, 0.6741, 0.8183, 0.5733, 
 24  [VUI  1  0  2  3  4 ]  0.4400, 0.9569, 0.3407, 0.9386, 0.7523, 0.6366, 0.3614, 0.9560, 0.9601, 0.9735, 0.6890, 0.9058, 0.8162, 0.9519, 0.8884, 0.9209, 0.3442, 0.4080, 0.9037, 0.1912, 0.9477, 0.9773, 1.0000, 0.8959, 0.9726, 0.9179, 0.7845, 0.9354, 0.9228, 0.8412, 0.8111, 0.9018, 0.2399, 0.4052, 0.3417, 0.3683, 0.3184, 0.6829, 0.7862, 0.7423, 0.8534, 0.5858, 0.5437, 0.7430, 0.9609, 0.2282, 0.8125, 0.8877, 
 25  [VUI  1  0  2  4  3 ]  0.6847, 0.8349, 0.4375, 0.9154, 0.6876, 0.5091, 0.3747, 0.9376, 0.9673, 0.8519, 0.6890, 0.8499, 0.8053, 0.9455, 0.8678, 0.8307, 0.5842, 0.7480, 0.7949, 0.4539, 0.9034, 0.8289, 0.9461, 0.7547, 0.9091, 0.8973, 0.5521, 0.8472, 1.0000, 0.9173, 0.8594, 0.8671, 0.4766, 0.2726, 0.2087, 0.2787, 0.2264, 0.8251, 0.7635, 0.8494, 0.8455, 0.7306, 0.8429, 0.8038, 0.9094, 0.3286, 0.8125, 0.8877, 
 26  [VUI  1  0  3  2  4 ]  0.4621, 0.9765, 0.4001, 0.8849, 0.8022, 0.7055, 0.4329, 0.9205, 0.9489, 0.9892, 0.7381, 0.9246, 0.8476, 0.9004, 0.8448, 0.9093, 0.3786, 0.4101, 0.9231, 0.2317, 0.9221, 0.9868, 0.9896, 0.9232, 0.9831, 0.9007, 0.7568, 0.9511, 0.9056, 0.8522, 0.7847, 0.8522, 0.2800, 0.4838, 0.4230, 0.4464, 0.3991, 0.7030, 0.8212, 0.7575, 0.8719, 0.6182, 0.5478, 0.7664, 0.9212, 0.2959, 0.8243, 0.8641, 
 27  [VUI  1  0  3  4  2 ]  0.8208, 0.9562, 0.8047, 0.5832, 0.9963, 0.9351, 0.8170, 0.7179, 0.8985, 0.9486, 0.9929, 0.9665, 1.0000, 0.6270, 0.5980, 0.7589, 0.7968, 0.7610, 0.9147, 0.7046, 0.7450, 0.8879, 0.8818, 0.9232, 0.9740, 0.7913, 0.3804, 0.9443, 0.8937, 0.9853, 0.6963, 0.5600, 0.7247, 0.7591, 0.7114, 0.7620, 0.7252, 0.9495, 0.9798, 0.9431, 0.9596, 0.9307, 0.8684, 0.9489, 0.6640, 0.7477, 0.8856, 0.7413, 
 28  [VUI  1  0  4  2  3 ]  0.7538, 0.8310, 0.5155, 0.8572, 0.7251, 0.5534, 0.4487, 0.8985, 0.9575, 0.8441, 0.7381, 0.8580, 0.8347, 0.8928, 0.8202, 0.8017, 0.6648, 0.8156, 0.7933, 0.5451, 0.8692, 0.8098, 0.9253, 0.7547, 0.9074, 0.8762, 0.4795, 0.8459, 0.9977, 0.9430, 0.8423, 0.8107, 0.5623, 0.3257, 0.2643, 0.3396, 0.2893, 0.8727, 0.7941, 0.8852, 0.8624, 0.7909, 0.9047, 0.8390, 0.8598, 0.4157, 0.8243, 0.8641, 
 29  [VUI  1  0  4  3  2 ]  0.8680, 0.9326, 0.8234, 0.5788, 0.9839, 0.9105, 0.8195, 0.7144, 0.8998, 0.9252, 0.9929, 0.9557, 0.9979, 0.6258, 0.5940, 0.7415, 0.8431, 0.8266, 0.8937, 0.7553, 0.7364, 0.8592, 0.8714, 0.8959, 0.9618, 0.7874, 0.3356, 0.9273, 0.9086, 1.0000, 0.7056, 0.5533, 0.7703, 0.7335, 0.6857, 0.7447, 0.7075, 0.9770, 0.9755, 0.9638, 0.9580, 0.9586, 0.9261, 0.9607, 0.6541, 0.7670, 0.8856, 0.7413, 
 30  [VUI  1  2  0  3  4 ]  0.3679, 0.8954, 0.2728, 0.9351, 0.6973, 0.5874, 0.3254, 0.9212, 0.9044, 0.9214, 0.6350, 0.8361, 0.7569, 0.9403, 0.8511, 0.8663, 0.3209, 0.4105, 0.8296, 0.1605, 0.9017, 0.9324, 0.9755, 0.8105, 0.9067, 0.8449, 0.7946, 0.8584, 0.8769, 0.7995, 0.7381, 0.8797, 0.2269, 0.3913, 0.3317, 0.3498, 0.2900, 0.6398, 0.7142, 0.6678, 0.7811, 0.5201, 0.4984, 0.7292, 0.9492, 0.1940, 0.7014, 0.8181, 
 31  [VUI  1  2  0  4  3 ]  0.6125, 0.7734, 0.3696, 0.9119, 0.6326, 0.4599, 0.3386, 0.9028, 0.9116, 0.7998, 0.6350, 0.7803, 0.7460, 0.9340, 0.8305, 0.7761, 0.5608, 0.7504, 0.7208, 0.4232, 0.8575, 0.7840, 0.9216, 0.6692, 0.8433, 0.8244, 0.5621, 0.7702, 0.9542, 0.8756, 0.7864, 0.8449, 0.4635, 0.2588, 0.1986, 0.2602, 0.1980, 0.7821, 0.6915, 0.7749, 0.7731, 0.6649, 0.7976, 0.7900, 0.8978, 0.2944, 0.7014, 0.8181, 
 32  [VUI  1  2  3  0  4 ]  0.3286, 0.8627, 0.2745, 0.8784, 0.7004, 0.6145, 0.3662, 0.8561, 0.8460, 0.8927, 0.6383, 0.7957, 0.7380, 0.8790, 0.7757, 0.8083, 0.3354, 0.4147, 0.7860, 0.1750, 0.8371, 0.9037, 0.9443, 0.7650, 0.8613, 0.7658, 0.7753, 0.8087, 0.8208, 0.7751, 0.6497, 0.8113, 0.2559, 0.4581, 0.4044, 0.4122, 0.3464, 0.6234, 0.6879, 0.6196, 0.7380, 0.4966, 0.4641, 0.7409, 0.8996, 0.2327, 0.6187, 0.7352, 
 33  [VUI  1  2  3  4  0 ]  0.3693, 0.5714, 0.3801, 0.5613, 0.6519, 0.6273, 0.5913, 0.5001, 0.5504, 0.6224, 0.6553, 0.5305, 0.6292, 0.5548, 0.3644, 0.4173, 0.6508, 0.7766, 0.4511, 0.5128, 0.4577, 0.6069, 0.7286, 0.3883, 0.5621, 0.3350, 0.4433, 0.4626, 0.6069, 0.7244, 0.2395, 0.4217, 0.6432, 0.6722, 0.6484, 0.6464, 0.5471, 0.6803, 0.5293, 0.4768, 0.5069, 0.5194, 0.5852, 0.8626, 0.5910, 0.5339, 0.1900, 0.3055, 
 34  [VUI  1  2  4  0  3 ]  0.6204, 0.7172, 0.3900, 0.8507, 0.6232, 0.4624, 0.3820, 0.8341, 0.8546, 0.7476, 0.6383, 0.7291, 0.7250, 0.8714, 0.7512, 0.7007, 0.6216, 0.8202, 0.6562, 0.4884, 0.7843, 0.7267, 0.8800, 0.5965, 0.7856, 0.7413, 0.4981, 0.7034, 0.9129, 0.8658, 0.7073, 0.7698, 0.5382, 0.3000, 0.2456, 0.3054, 0.2367, 0.7930, 0.6609, 0.7474, 0.7285, 0.6693, 0.8210, 0.8135, 0.8382, 0.3525, 0.6187, 0.7352, 
 35  [VUI  1  2  4  3  0 ]  0.4165, 0.5478, 0.3988, 0.5568, 0.6394, 0.6027, 0.5939, 0.4965, 0.5517, 0.5990, 0.6553, 0.5198, 0.6271, 0.5536, 0.3605, 0.3999, 0.6971, 0.8422, 0.4301, 0.5635, 0.4491, 0.5783, 0.7182, 0.3610, 0.5499, 0.3311, 0.3984, 0.4456, 0.6218, 0.7391, 0.2488, 0.4150, 0.6888, 0.6467, 0.6227, 0.6291, 0.5294, 0.7077, 0.5249, 0.4975, 0.5053, 0.5474, 0.6429, 0.8743, 0.5811, 0.5532, 0.1900, 0.3055, 
 36  [VUI  1  3  0  2  4 ]  0.4158, 0.9381, 0.4021, 0.8182, 0.8059, 0.7373, 0.4810, 0.8439, 0.8802, 0.9554, 0.7420, 0.8771, 0.8254, 0.8283, 0.7561, 0.8411, 0.3957, 0.4151, 0.8718, 0.2487, 0.8460, 0.9531, 0.9529, 0.8698, 0.9296, 0.8076, 0.7342, 0.8926, 0.8395, 0.8235, 0.6807, 0.7717, 0.3142, 0.5625, 0.5086, 0.5199, 0.4655, 0.6836, 0.7903, 0.7008, 0.8212, 0.5905, 0.5074, 0.7802, 0.8628, 0.3415, 0.7271, 0.7666, 
 37  [VUI  1  3  0  4  2 ]  0.7746, 0.9177, 0.8067, 0.5165, 1.0000, 0.9669, 0.8650, 0.6413, 0.8297, 0.9149, 0.9967, 0.9190, 0.9778, 0.5549, 0.5093, 0.6907, 0.8139, 0.7660, 0.8634, 0.7216, 0.6689, 0.8542, 0.8451, 0.8698, 0.9205, 0.6982, 0.3578, 0.8858, 0.8276, 0.9566, 0.5922, 0.4794, 0.7588, 0.8377, 0.7969, 0.8354, 0.7917, 0.9302, 0.9490, 0.8864, 0.9089, 0.9030, 0.8280, 0.9627, 0.6057, 0.7932, 0.7883, 0.6438, 
 38  [VUI  1  3  2  0  4 ]  0.3545, 0.8858, 0.3444, 0.8152, 0.7591, 0.6955, 0.4504, 0.8143, 0.8329, 0.9111, 0.6961, 0.8179, 0.7751, 0.8184, 0.7244, 0.7947, 0.3759, 0.4172, 0.8088, 0.2227, 0.8070, 0.9150, 0.9321, 0.7971, 0.8736, 0.7456, 0.7427, 0.8271, 0.8005, 0.7880, 0.6187, 0.7529, 0.3031, 0.5507, 0.5000, 0.5042, 0.4413, 0.6470, 0.7291, 0.6375, 0.7598, 0.5346, 0.4689, 0.7685, 0.8529, 0.3124, 0.6326, 0.7074, 
 39  [VUI  1  3  2  4  0 ]  0.3952, 0.5944, 0.4500, 0.4981, 0.7106, 0.7083, 0.6755, 0.4583, 0.5373, 0.6408, 0.7131, 0.5527, 0.6662, 0.4942, 0.3131, 0.4036, 0.6912, 0.7791, 0.4739, 0.5605, 0.4275, 0.6182, 0.7164, 0.4203, 0.5744, 0.3149, 0.4106, 0.4811, 0.5866, 0.7373, 0.2085, 0.3633, 0.6904, 0.7648, 0.7440, 0.7383, 0.6420, 0.7039, 0.5704, 0.4947, 0.5286, 0.5575, 0.5900, 0.8902, 0.5443, 0.6136, 0.2039, 0.2776, 
 40  [VUI  1  3  4  0  2 ]  0.7824, 0.8615, 0.8271, 0.4554, 0.9906, 0.9694, 0.9084, 0.5727, 0.7727, 0.8628, 1.0000, 0.8678, 0.9568, 0.4923, 0.4300, 0.6153, 0.8747, 0.8358, 0.7988, 0.7868, 0.5957, 0.7969, 0.8035, 0.7971, 0.8628, 0.6151, 0.2938, 0.8191, 0.7864, 0.9468, 0.5131, 0.4043, 0.8335, 0.8790, 0.8440, 0.8806, 0.8304, 0.9411, 0.9184, 0.8589, 0.8643, 0.9074, 0.8514, 0.9862, 0.5462, 0.8513, 0.7056, 0.5609, 
 41  [VUI  1  3  4  2  0 ]  0.4644, 0.5905, 0.5280, 0.4399, 0.7480, 0.7526, 0.7495, 0.4192, 0.5275, 0.6330, 0.7622, 0.5608, 0.6956, 0.4415, 0.2655, 0.3746, 0.7719, 0.8468, 0.4723, 0.6517, 0.3934, 0.5991, 0.6956, 0.4203, 0.5727, 0.2938, 0.3380, 0.4798, 0.5843, 0.7630, 0.1914, 0.3069, 0.7762, 0.8179, 0.7996, 0.7991, 0.7049, 0.7515, 0.6010, 0.5305, 0.5455, 0.6178, 0.6519, 0.9254, 0.4947, 0.7007, 0.2157, 0.2540, 
 42  [VUI  1  4  0  2  3 ]  0.7631, 0.7649, 0.5395, 0.7852, 0.7141, 0.5563, 0.4998, 0.8177, 0.8905, 0.7827, 0.7420, 0.7978, 0.8100, 0.8192, 0.7269, 0.7129, 0.7364, 0.8977, 0.7173, 0.6218, 0.7832, 0.7424, 0.8763, 0.6692, 0.8395, 0.7785, 0.4041, 0.7673, 0.9492, 0.9315, 0.7492, 0.7223, 0.6502, 0.3743, 0.3196, 0.3927, 0.3349, 0.8856, 0.7581, 0.8528, 0.8099, 0.7961, 0.9322, 0.8666, 0.7898, 0.4840, 0.7271, 0.7666, 
 43  [VUI  1  4  0  3  2 ]  0.8773, 0.8665, 0.8473, 0.5068, 0.9728, 0.9134, 0.8706, 0.6336, 0.8328, 0.8638, 0.9967, 0.8955, 0.9732, 0.5522, 0.5007, 0.6528, 0.9146, 0.9087, 0.8177, 0.8319, 0.6503, 0.7919, 0.8224, 0.8105, 0.8939, 0.6896, 0.2602, 0.8488, 0.8600, 0.9885, 0.6125, 0.4648, 0.8582, 0.7821, 0.7411, 0.7978, 0.7530, 0.9899, 0.9395, 0.9314, 0.9056, 0.9638, 0.9536, 0.9883, 0.5841, 0.8353, 0.7883, 0.6438, 
 44  [VUI  1  4  2  0  3 ]  0.7018, 0.7126, 0.4818, 0.7823, 0.6673, 0.5145, 0.4692, 0.7882, 0.8432, 0.7384, 0.6961, 0.7386, 0.7596, 0.8094, 0.6952, 0.6665, 0.7165, 0.8998, 0.6543, 0.5957, 0.7441, 0.7043, 0.8555, 0.5965, 0.7835, 0.7165, 0.4127, 0.7019, 0.9102, 0.8960, 0.6872, 0.7035, 0.6391, 0.3625, 0.3111, 0.3770, 0.3107, 0.8490, 0.6969, 0.7895, 0.7484, 0.7402, 0.8937, 0.8549, 0.7799, 0.4550, 0.6326, 0.7074, 
 45  [VUI  1  4  2  3  0 ]  0.4979, 0.5432, 0.4906, 0.4884, 0.6834, 0.6547, 0.6810, 0.4506, 0.5403, 0.5898, 0.7131, 0.5293, 0.6617, 0.4915, 0.3045, 0.3657, 0.7920, 0.9218, 0.4282, 0.6708, 0.4089, 0.5559, 0.6938, 0.3610, 0.5478, 0.3063, 0.3130, 0.4440, 0.6191, 0.7693, 0.2287, 0.3486, 0.7897, 0.7091, 0.6881, 0.7007, 0.6034, 0.7636, 0.5609, 0.5396, 0.5252, 0.6183, 0.7156, 0.9157, 0.5227, 0.6557, 0.2039, 0.2776, 
 46  [VUI  1  4  3  0  2 ]  0.8379, 0.8339, 0.8490, 0.4501, 0.9760, 0.9404, 0.9115, 0.5685, 0.7743, 0.8352, 1.0000, 0.8552, 0.9543, 0.4909, 0.4253, 0.5948, 0.9292, 0.9129, 0.7741, 0.8464, 0.5857, 0.7633, 0.7912, 0.7650, 0.8484, 0.6105, 0.2410, 0.7990, 0.8039, 0.9641, 0.5241, 0.3964, 0.8872, 0.8490, 0.8138, 0.8603, 0.8095, 0.9734, 0.9132, 0.8832, 0.8625, 0.9403, 0.9192, 1.0000, 0.5345, 0.8741, 0.7056, 0.5609, 
 47  [VUI  1  4  3  2  0 ]  0.5199, 0.5628, 0.5499, 0.4347, 0.7334, 0.7236, 0.7525, 0.4150, 0.5292, 0.6054, 0.7622, 0.5481, 0.6931, 0.4400, 0.2608, 0.3541, 0.8263, 0.9239, 0.4476, 0.7113, 0.3833, 0.5654, 0.6834, 0.3883, 0.5583, 0.2891, 0.2853, 0.4597, 0.6019, 0.7803, 0.2023, 0.2990, 0.8299, 0.7878, 0.7694, 0.7788, 0.6840, 0.7838, 0.5959, 0.5548, 0.5437, 0.6506, 0.7198, 0.9392, 0.4830, 0.7235, 0.2157, 0.2540, 
 48  [VUI  2  0  1  3  4 ]  0.3917, 0.8665, 0.2799, 0.9959, 0.6166, 0.5170, 0.2633, 0.9590, 0.8995, 0.8801, 0.5548, 0.8162, 0.6872, 0.9864, 0.9561, 0.9358, 0.2629, 0.3755, 0.8706, 0.1578, 0.9445, 0.9040, 0.9201, 0.8401, 0.8606, 0.9111, 0.9594, 0.8583, 0.8201, 0.6535, 0.8628, 0.9740, 0.1867, 0.3548, 0.3198, 0.3080, 0.2895, 0.5798, 0.6668, 0.6471, 0.7708, 0.4729, 0.4592, 0.6228, 0.9863, 0.1538, 0.7823, 0.9181, 
 49  [VUI  2  0  1  4  3 ]  0.6363, 0.7446, 0.3766, 0.9727, 0.5519, 0.3894, 0.2766, 0.9406, 0.9067, 0.7585, 0.5548, 0.7603, 0.6763, 0.9801, 0.9355, 0.8455, 0.5029, 0.7155, 0.7618, 0.4205, 0.9003, 0.7556, 0.8662, 0.6988, 0.7972, 0.8906, 0.7270, 0.7701, 0.8973, 0.7295, 0.9110, 0.9392, 0.4234, 0.2223, 0.1868, 0.2184, 0.1975, 0.7221, 0.6441, 0.7542, 0.7628, 0.6177, 0.7585, 0.6836, 0.9348, 0.2542, 0.7823, 0.9181, 
 50  [VUI  2  0  3  1  4 ]  0.3949, 0.8509, 0.3155, 0.9645, 0.6134, 0.5391, 0.2965, 0.9247, 0.8648, 0.8592, 0.5515, 0.8000, 0.6683, 0.9484, 0.9389, 0.9300, 0.2656, 0.3650, 0.8771, 0.1853, 0.9177, 0.8849, 0.8785, 0.8456, 0.8274, 0.8913, 1.0000, 0.8439, 0.7628, 0.5911, 0.8565, 0.9525, 0.2061, 0.4138, 0.3926, 0.3625, 0.3589, 0.5597, 0.6551, 0.6251, 0.7569, 0.4611, 0.4304, 0.5993, 0.9565, 0.1925, 0.7823, 0.9062, 
 51  [VUI  2  0  3  4  1 ]  0.0463, 0.4143, 0.0000, 0.5887, 0.0871, 0.1500, 0.0000, 0.5955, 0.4434, 0.3902, 0.0000, 0.3721, 0.1527, 0.5886, 0.6944, 0.6025, 0.0000, 0.0029, 0.4723, 0.0000, 0.6099, 0.4429, 0.3437, 0.5287, 0.4223, 0.6539, 0.6512, 0.4875, 0.3442, 0.0884, 0.6432, 0.6832, 0.0000, 0.1559, 0.1566, 0.1054, 0.1082, 0.0194, 0.2227, 0.2247, 0.3244, 0.0277, 0.0404, 0.0000, 0.5484, 0.0000, 0.6016, 0.6637, 
 52  [VUI  2  0  4  1  3 ]  0.6867, 0.7054, 0.4309, 0.9369, 0.5363, 0.3870, 0.3123, 0.9027, 0.8734, 0.7141, 0.5515, 0.7334, 0.6553, 0.9408, 0.9144, 0.8223, 0.5518, 0.7705, 0.7473, 0.4987, 0.8649, 0.7079, 0.8142, 0.6770, 0.7517, 0.8669, 0.7227, 0.7387, 0.8549, 0.6819, 0.9141, 0.9110, 0.4884, 0.2557, 0.2338, 0.2557, 0.2491, 0.7294, 0.6281, 0.7529, 0.7474, 0.6339, 0.7873, 0.6719, 0.8952, 0.3123, 0.7823, 0.9062, 
 53  [VUI  2  0  4  3  1 ]  0.3340, 0.2708, 0.1138, 0.5614, 0.0110, 0.0000, 0.0156, 0.5738, 0.4519, 0.2471, 0.0000, 0.3065, 0.1399, 0.5811, 0.6702, 0.4964, 0.2823, 0.4028, 0.3442, 0.3091, 0.5578, 0.2683, 0.2803, 0.3625, 0.3476, 0.6298, 0.3778, 0.3837, 0.4351, 0.1779, 0.7000, 0.6423, 0.2784, 0.0000, 0.0000, 0.0000, 0.0000, 0.1867, 0.1960, 0.3507, 0.3150, 0.1980, 0.3924, 0.0716, 0.4879, 0.1181, 0.6016, 0.6637, 
 54  [VUI  2  1  0  3  4 ]  0.3418, 0.8466, 0.2400, 0.9660, 0.6239, 0.5228, 0.2723, 0.9228, 0.8717, 0.8709, 0.5625, 0.7877, 0.6872, 0.9590, 0.8877, 0.8743, 0.2769, 0.3930, 0.8117, 0.1425, 0.9001, 0.8927, 0.9323, 0.7803, 0.8462, 0.8413, 0.8891, 0.8167, 0.8214, 0.6980, 0.7660, 0.9187, 0.1981, 0.3641, 0.3198, 0.3172, 0.2743, 0.5841, 0.6496, 0.6164, 0.7364, 0.4591, 0.4528, 0.6642, 0.9629, 0.1538, 0.6850, 0.8345, 
 55  [VUI  2  1  0  4  3 ]  0.5864, 0.7246, 0.3367, 0.9428, 0.5592, 0.3952, 0.2856, 0.9044, 0.8789, 0.7492, 0.5625, 0.7318, 0.6763, 0.9527, 0.8671, 0.7841, 0.5169, 0.7329, 0.7029, 0.4052, 0.8558, 0.7443, 0.8784, 0.6390, 0.7828, 0.8208, 0.6567, 0.7285, 0.8986, 0.7741, 0.8143, 0.8840, 0.4348, 0.2315, 0.1868, 0.2276, 0.1823, 0.7264, 0.6270, 0.7235, 0.7284, 0.6039, 0.7520, 0.7250, 0.9115, 0.2542, 0.6850, 0.8345, 
 56  [VUI  2  1  3  0  4 ]  0.3025, 0.8139, 0.2417, 0.9094, 0.6270, 0.5498, 0.3132, 0.8577, 0.8133, 0.8422, 0.5658, 0.7473, 0.6683, 0.8977, 0.8123, 0.8163, 0.2915, 0.3972, 0.7681, 0.1570, 0.8354, 0.8641, 0.9011, 0.7349, 0.8008, 0.7622, 0.8699, 0.7670, 0.7653, 0.6736, 0.6776, 0.8503, 0.2272, 0.4309, 0.3926, 0.3796, 0.3308, 0.5677, 0.6234, 0.5682, 0.6934, 0.4355, 0.4184, 0.6759, 0.9133, 0.1925, 0.6023, 0.7516, 
 57  [VUI  2  1  3  4  0 ]  0.3432, 0.5225, 0.3472, 0.5922, 0.5785, 0.5626, 0.5383, 0.5017, 0.5176, 0.5719, 0.5828, 0.4821, 0.5595, 0.5734, 0.4010, 0.4253, 0.6069, 0.7590, 0.4332, 0.4948, 0.4560, 0.5673, 0.6855, 0.3581, 0.5016, 0.3314, 0.5378, 0.4209, 0.5513, 0.6229, 0.2674, 0.4607, 0.6145, 0.6450, 0.6365, 0.6138, 0.5315, 0.6246, 0.4647, 0.4254, 0.4622, 0.4584, 0.5395, 0.7976, 0.6047, 0.4937, 0.1737, 0.3219, 
 58  [VUI  2  1  4  0  3 ]  0.5942, 0.6684, 0.3571, 0.8817, 0.5498, 0.3977, 0.3290, 0.8358, 0.8219, 0.6971, 0.5658, 0.6807, 0.6553, 0.8901, 0.7878, 0.7087, 0.5777, 0.8027, 0.6383, 0.4704, 0.7826, 0.6871, 0.8368, 0.5663, 0.7251, 0.7377, 0.5926, 0.6618, 0.8574, 0.7643, 0.7352, 0.8088, 0.5095, 0.2728, 0.2338, 0.2728, 0.2210, 0.7374, 0.5964, 0.6959, 0.6839, 0.6083, 0.7754, 0.7485, 0.8520, 0.3123, 0.6023, 0.7516, 
 59  [VUI  2  1  4  3  0 ]  0.3904, 0.4990, 0.3659, 0.5878, 0.5660, 0.5380, 0.5409, 0.4982, 0.5190, 0.5484, 0.5828, 0.4713, 0.5574, 0.5722, 0.3970, 0.4079, 0.6531, 0.8246, 0.4122, 0.5454, 0.4474, 0.5387, 0.6751, 0.3309, 0.4894, 0.3274, 0.4930, 0.4039, 0.5662, 0.6376, 0.2767, 0.4540, 0.6601, 0.6195, 0.6109, 0.5965, 0.5138, 0.6520, 0.4603, 0.4460, 0.4607, 0.4863, 0.5973, 0.8093, 0.5948, 0.5130, 0.1737, 0.3219, 
 60  [VUI  2  3  0  1  4 ]  0.3486, 0.8124, 0.3175, 0.8979, 0.6171, 0.5709, 0.3446, 0.8481, 0.7960, 0.8255, 0.5554, 0.7525, 0.6461, 0.8763, 0.8502, 0.8617, 0.2827, 0.3699, 0.8258, 0.2024, 0.8417, 0.8512, 0.8418, 0.7921, 0.7739, 0.7982, 0.9774, 0.7854, 0.6967, 0.5624, 0.7525, 0.8720, 0.2403, 0.4925, 0.4781, 0.4360, 0.4253, 0.5404, 0.6243, 0.5684, 0.7063, 0.4335, 0.3900, 0.6131, 0.8982, 0.2381, 0.6850, 0.8087, 
 61  [VUI  2  3  0  4  1 ]  0.0000, 0.3759, 0.0020, 0.5220, 0.0908, 0.1819, 0.0481, 0.5189, 0.3747, 0.3564, 0.0039, 0.3246, 0.1305, 0.5165, 0.6057, 0.5343, 0.0171, 0.0079, 0.4210, 0.0170, 0.5339, 0.4093, 0.3070, 0.4753, 0.3688, 0.5608, 0.6286, 0.4290, 0.2781, 0.0596, 0.5392, 0.6027, 0.0342, 0.2346, 0.2421, 0.1788, 0.1747, 0.0000, 0.1918, 0.1680, 0.2738, 0.0000, 0.0000, 0.0138, 0.4901, 0.0456, 0.5043, 0.5662, 
 62  [VUI  2  3  1  0  4 ]  0.3062, 0.7954, 0.2836, 0.8725, 0.6233, 0.5759, 0.3523, 0.8173, 0.7724, 0.8177, 0.5619, 0.7283, 0.6461, 0.8530, 0.7921, 0.8095, 0.2946, 0.3847, 0.7757, 0.1893, 0.8038, 0.8417, 0.8522, 0.7413, 0.7617, 0.7389, 0.9176, 0.7501, 0.6978, 0.6003, 0.6703, 0.8250, 0.2500, 0.5003, 0.4781, 0.4438, 0.4124, 0.5440, 0.6097, 0.5423, 0.6771, 0.4217, 0.3845, 0.6483, 0.8783, 0.2381, 0.6023, 0.7377, 
 63  [VUI  2  3  1  4  0 ]  0.3469, 0.5041, 0.3891, 0.5554, 0.5748, 0.5886, 0.5774, 0.4613, 0.4767, 0.5474, 0.5789, 0.4631, 0.5372, 0.5287, 0.3808, 0.4185, 0.6100, 0.7466, 0.4408, 0.5271, 0.4244, 0.5449, 0.6365, 0.3645, 0.4625, 0.3081, 0.5855, 0.4040, 0.4839, 0.5496, 0.2601, 0.4354, 0.6373, 0.7144, 0.7221, 0.6780, 0.6131, 0.6009, 0.4510, 0.3995, 0.4459, 0.4446, 0.5056, 0.7700, 0.5697, 0.5392, 0.1737, 0.3080, 
 64  [VUI  2  3  4  0  1 ]  0.0480, 0.0331, 0.1262, 0.1490, 0.0337, 0.1969, 0.3129, 0.1000, 0.0269, 0.0384, 0.0238, 0.0127, 0.0025, 0.1350, 0.1219, 0.0743, 0.3881, 0.4336, 0.0269, 0.4144, 0.0874, 0.0601, 0.0533, 0.0321, 0.0168, 0.0540, 0.2379, 0.0218, 0.0265, 0.0000, 0.0566, 0.1443, 0.4898, 0.4865, 0.5292, 0.4543, 0.4108, 0.0669, 0.0051, 0.0000, 0.0018, 0.0269, 0.1425, 0.1569, 0.1270, 0.3998, 0.0000, 0.0606, 
 65  [VUI  2  3  4  1  0 ]  0.3972, 0.4649, 0.4434, 0.5196, 0.5592, 0.5862, 0.6131, 0.4234, 0.4433, 0.5031, 0.5756, 0.4362, 0.5163, 0.4895, 0.3596, 0.3953, 0.6589, 0.8016, 0.4263, 0.6053, 0.3890, 0.4972, 0.5845, 0.3427, 0.4171, 0.2844, 0.5813, 0.3726, 0.4415, 0.5019, 0.2632, 0.4072, 0.7023, 0.7478, 0.7692, 0.7153, 0.6647, 0.6082, 0.4350, 0.3981, 0.4306, 0.4607, 0.5344, 0.7583, 0.5300, 0.5973, 0.1737, 0.2961, 
 66  [VUI  2  4  0  1  3 ]  0.6959, 0.6393, 0.4549, 0.8649, 0.5253, 0.3899, 0.3634, 0.8220, 0.8063, 0.6528, 0.5554, 0.6732, 0.6306, 0.8673, 0.8210, 0.7336, 0.6234, 0.8526, 0.6713, 0.5754, 0.7788, 0.6405, 0.7653, 0.5916, 0.6838, 0.7691, 0.6474, 0.6602, 0.8064, 0.6703, 0.8210, 0.8226, 0.5763, 0.3043, 0.2892, 0.3088, 0.2947, 0.7423, 0.5921, 0.7205, 0.6950, 0.6391, 0.8148, 0.6995, 0.8251, 0.3806, 0.6850, 0.8087, 
 67  [VUI  2  4  0  3  1 ]  0.3433, 0.2047, 0.1378, 0.4895, 0.0000, 0.0029, 0.0667, 0.4930, 0.3848, 0.1857, 0.0039, 0.2463, 0.1152, 0.5076, 0.5769, 0.4077, 0.3539, 0.4849, 0.2682, 0.3857, 0.4717, 0.2010, 0.2313, 0.2770, 0.2797, 0.5320, 0.3024, 0.3052, 0.3865, 0.1664, 0.6069, 0.5539, 0.3663, 0.0486, 0.0554, 0.0531, 0.0455, 0.1996, 0.1600, 0.3183, 0.2626, 0.2032, 0.4199, 0.0992, 0.4179, 0.1864, 0.5043, 0.5662, 
 68  [VUI  2  4  1  0  3 ]  0.6534, 0.6223, 0.4210, 0.8396, 0.5315, 0.3948, 0.3711, 0.7912, 0.7826, 0.6450, 0.5619, 0.6490, 0.6306, 0.8440, 0.7629, 0.6814, 0.6353, 0.8674, 0.6212, 0.5623, 0.7410, 0.6310, 0.7757, 0.5407, 0.6716, 0.7098, 0.5876, 0.6248, 0.8075, 0.7082, 0.7388, 0.7757, 0.5860, 0.3122, 0.2892, 0.3167, 0.2818, 0.7460, 0.5775, 0.6943, 0.6658, 0.6273, 0.8093, 0.7347, 0.8053, 0.3806, 0.6023, 0.7377, 
 69  [VUI  2  4  1  3  0 ]  0.4496, 0.4529, 0.4298, 0.5456, 0.5477, 0.5351, 0.5829, 0.4536, 0.4797, 0.4963, 0.5789, 0.4397, 0.5327, 0.5261, 0.3722, 0.3806, 0.7107, 0.8893, 0.3951, 0.6374, 0.4058, 0.4826, 0.6139, 0.3052, 0.4359, 0.2995, 0.4880, 0.3670, 0.5164, 0.5815, 0.2804, 0.4208, 0.7366, 0.6588, 0.6662, 0.6404, 0.5745, 0.6606, 0.4415, 0.4444, 0.4426, 0.5054, 0.6312, 0.7955, 0.5481, 0.5814, 0.1737, 0.3080, 
 70  [VUI  2  4  3  0  1 ]  0.1035, 0.0054, 0.1481, 0.1437, 0.0190, 0.1679, 0.3159, 0.0959, 0.0285, 0.0108, 0.0238, 0.0000, 0.0000, 0.1336, 0.1172, 0.0538, 0.4426, 0.5107, 0.0022, 0.4740, 0.0774, 0.0264, 0.0410, 0.0000, 0.0024, 0.0494, 0.1852, 0.0018, 0.0440, 0.0173, 0.0675, 0.1364, 0.5435, 0.4564, 0.4990, 0.4339, 0.3899, 0.0992, 0.0000, 0.0243, 0.0000, 0.0598, 0.2104, 0.1707, 0.1153, 0.4226, 0.0000, 0.0606, 
 71  [VUI  2  4  3  1  0 ]  0.4527, 0.4372, 0.4654, 0.5143, 0.5445, 0.5572, 0.6161, 0.4193, 0.4450, 0.4755, 0.5756, 0.4235, 0.5138, 0.4880, 0.3550, 0.3748, 0.7133, 0.8787, 0.4016, 0.6649, 0.3790, 0.4635, 0.5723, 0.3107, 0.4027, 0.2797, 0.5285, 0.3526, 0.4591, 0.5192, 0.2741, 0.3993, 0.7560, 0.7178, 0.7390, 0.6949, 0.6438, 0.6405, 0.4298, 0.4224, 0.4287, 0.4936, 0.6023, 0.7721, 0.5184, 0.6201, 0.1737, 0.2961, 
 72  [VUI  3  0  1  2  4 ]  0.4701, 0.9363, 0.4913, 0.8047, 0.7943, 0.7622, 0.5179, 0.8326, 0.8599, 0.9358, 0.7297, 0.8832, 0.7993, 0.8031, 0.8007, 0.8945, 0.3853, 0.3831, 0.9396, 0.3021, 0.8533, 0.9379, 0.8831, 0.9371, 0.8980, 0.8501, 0.8606, 0.9142, 0.7589, 0.6926, 0.7689, 0.7972, 0.3296, 0.6349, 0.6092, 0.5862, 0.5767, 0.6515, 0.7913, 0.7011, 0.8365, 0.5880, 0.4739, 0.7064, 0.8450, 0.3951, 0.8243, 0.8338, 
 73  [VUI  3  0  1  4  2 ]  0.8289, 0.9160, 0.8959, 0.5030, 0.9883, 0.9918, 0.9020, 0.6300, 0.8094, 0.8952, 0.9845, 0.9251, 0.9516, 0.5297, 0.5540, 0.7441, 0.8036, 0.7340, 0.9313, 0.7750, 0.6763, 0.8390, 0.7752, 0.9371, 0.8889, 0.7407, 0.4843, 0.9074, 0.7470, 0.8257, 0.6804, 0.5050, 0.7742, 0.9101, 0.8976, 0.9017, 0.9028, 0.8980, 0.9500, 0.8867, 0.9241, 0.9006, 0.7945, 0.8888, 0.5878, 0.8468, 0.8856, 0.7110, 
 74  [VUI  3  0  2  1  4 ]  0.4512, 0.9010, 0.4676, 0.8270, 0.7412, 0.7155, 0.4796, 0.8338, 0.8363, 0.8993, 0.6773, 0.8483, 0.7489, 0.8165, 0.8272, 0.9003, 0.3536, 0.3704, 0.9267, 0.2891, 0.8521, 0.9093, 0.8519, 0.9153, 0.8543, 0.8474, 0.9289, 0.8841, 0.7187, 0.6193, 0.7890, 0.8254, 0.3088, 0.6152, 0.6007, 0.5626, 0.5654, 0.6112, 0.7447, 0.6639, 0.8042, 0.5439, 0.4409, 0.6594, 0.8549, 0.3660, 0.8125, 0.8456, 
 75  [VUI  3  0  2  4  1 ]  0.1026, 0.4645, 0.1520, 0.4512, 0.2149, 0.3264, 0.1831, 0.5045, 0.4149, 0.4302, 0.1258, 0.4204, 0.2333, 0.4567, 0.5827, 0.5728, 0.0880, 0.0083, 0.5219, 0.1038, 0.5443, 0.4674, 0.3171, 0.5985, 0.4491, 0.6100, 0.5802, 0.5277, 0.3002, 0.1166, 0.5757, 0.5561, 0.1027, 0.3573, 0.3647, 0.3055, 0.3147, 0.0709, 0.3122, 0.2635, 0.3716, 0.1105, 0.0510, 0.0601, 0.4468, 0.1735, 0.6318, 0.6031, 
 76  [VUI  3  0  4  1  2 ]  0.8792, 0.8768, 0.9502, 0.4672, 0.9727, 0.9893, 0.9377, 0.5921, 0.7760, 0.8509, 0.9812, 0.8982, 0.9306, 0.4904, 0.5328, 0.7209, 0.8525, 0.7889, 0.9167, 0.8532, 0.6409, 0.7913, 0.7232, 0.9153, 0.8435, 0.7169, 0.4800, 0.8760, 0.7046, 0.7781, 0.6835, 0.4768, 0.8393, 0.9436, 0.9446, 0.9390, 0.9545, 0.9053, 0.9339, 0.8853, 0.9088, 0.9167, 0.8234, 0.8771, 0.5481, 0.9049, 0.8856, 0.6991, 
 77  [VUI  3  0  4  2  1 ]  0.5247, 0.4406, 0.6281, 0.0963, 0.4433, 0.5965, 0.6349, 0.2662, 0.3555, 0.3825, 0.4255, 0.4697, 0.4126, 0.1351, 0.2924, 0.3959, 0.5800, 0.4212, 0.5121, 0.6602, 0.3360, 0.3510, 0.1902, 0.5985, 0.4385, 0.4813, 0.1374, 0.5197, 0.2862, 0.2731, 0.4716, 0.2123, 0.6259, 0.6812, 0.7039, 0.6767, 0.6985, 0.3609, 0.4989, 0.4819, 0.4748, 0.4781, 0.4281, 0.2748, 0.1443, 0.7049, 0.7039, 0.4586, 
 78  [VUI  3  1  0  2  4 ]  0.4202, 0.9163, 0.4514, 0.7748, 0.8016, 0.7680, 0.5270, 0.7964, 0.8321, 0.9266, 0.7374, 0.8547, 0.7993, 0.7756, 0.7323, 0.8330, 0.3993, 0.4005, 0.8807, 0.2868, 0.8089, 0.9267, 0.8953, 0.8773, 0.8836, 0.7803, 0.7903, 0.8727, 0.7602, 0.7372, 0.6721, 0.7420, 0.3410, 0.6441, 0.6092, 0.5954, 0.5615, 0.6558, 0.7742, 0.6703, 0.8021, 0.5742, 0.4675, 0.7478, 0.8217, 0.3951, 0.7271, 0.7502, 
 79  [VUI  3  1  0  4  2 ]  0.7789, 0.8960, 0.8560, 0.4732, 0.9957, 0.9975, 0.9110, 0.5938, 0.7816, 0.8860, 0.9922, 0.8966, 0.9516, 0.5023, 0.4855, 0.6826, 0.8176, 0.7514, 0.8724, 0.7597, 0.6318, 0.8278, 0.7875, 0.8773, 0.8745, 0.6708, 0.4139, 0.8659, 0.7483, 0.8703, 0.5837, 0.4497, 0.7856, 0.9194, 0.8976, 0.9110, 0.8877, 0.9023, 0.9328, 0.8559, 0.8898, 0.8867, 0.7881, 0.9303, 0.5645, 0.8468, 0.7883, 0.6274, 
 80  [VUI  3  1  2  0  4 ]  0.3588, 0.8641, 0.3937, 0.7718, 0.7548, 0.7262, 0.4963, 0.7668, 0.7848, 0.8823, 0.6916, 0.7955, 0.7489, 0.7658, 0.7006, 0.7866, 0.3795, 0.4026, 0.8178, 0.2608, 0.7698, 0.8886, 0.8745, 0.8046, 0.8276, 0.7183, 0.7988, 0.8072, 0.7212, 0.7018, 0.6101, 0.7232, 0.3299, 0.6323, 0.6007, 0.5797, 0.5373, 0.6192, 0.7130, 0.6070, 0.7406, 0.5183, 0.4290, 0.7360, 0.8117, 0.3660, 0.6326, 0.6910, 
 81  [VUI  3  1  2  4  0 ]  0.3996, 0.5727, 0.4993, 0.4547, 0.7063, 0.7389, 0.7214, 0.4108, 0.4891, 0.6120, 0.7086, 0.5303, 0.6401, 0.4416, 0.2893, 0.3956, 0.6949, 0.7645, 0.4828, 0.5985, 0.3904, 0.5918, 0.6588, 0.4279, 0.5285, 0.2875, 0.4668, 0.4611, 0.5073, 0.6511, 0.1999, 0.3335, 0.7172, 0.8464, 0.8447, 0.8138, 0.7380, 0.6761, 0.5543, 0.4642, 0.5094, 0.5412, 0.5501, 0.8577, 0.5031, 0.6672, 0.2039, 0.2613, 
 82  [VUI  3  1  4  0  2 ]  0.7868, 0.8398, 0.8764, 0.4120, 0.9863, 1.0000, 0.9544, 0.5252, 0.7246, 0.8339, 0.9955, 0.8455, 0.9306, 0.4397, 0.4062, 0.6072, 0.8784, 0.8212, 0.8078, 0.8249, 0.5586, 0.7705, 0.7459, 0.8046, 0.8168, 0.5878, 0.3499, 0.7991, 0.7071, 0.8605, 0.5045, 0.3746, 0.8603, 0.9607, 0.9446, 0.9561, 0.9264, 0.9133, 0.9022, 0.8284, 0.8452, 0.8911, 0.8114, 0.9537, 0.5050, 0.9049, 0.7056, 0.5445, 
 83  [VUI  3  1  4  2  0 ]  0.4688, 0.5688, 0.5773, 0.3966, 0.7437, 0.7832, 0.7955, 0.3717, 0.4794, 0.6041, 0.7577, 0.5384, 0.6695, 0.3889, 0.2417, 0.3666, 0.7755, 0.8321, 0.4812, 0.6898, 0.3562, 0.5727, 0.6380, 0.4279, 0.5267, 0.2664, 0.3942, 0.4598, 0.5050, 0.6767, 0.1828, 0.2772, 0.8030, 0.8995, 0.9003, 0.8747, 0.8009, 0.7236, 0.5849, 0.5000, 0.5264, 0.6015, 0.6119, 0.8929, 0.4535, 0.7543, 0.2157, 0.2376, 
 84  [VUI  3  2  0  1  4 ]  0.3791, 0.8396, 0.3997, 0.8235, 0.6862, 0.6663, 0.4436, 0.7990, 0.7806, 0.8472, 0.6234, 0.7786, 0.6896, 0.8050, 0.7899, 0.8457, 0.3303, 0.3729, 0.8526, 0.2585, 0.8062, 0.8644, 0.8274, 0.8299, 0.7885, 0.7745, 0.9390, 0.8071, 0.6729, 0.5776, 0.7160, 0.8033, 0.2958, 0.6013, 0.5906, 0.5441, 0.5369, 0.5682, 0.6727, 0.5894, 0.7318, 0.4782, 0.3957, 0.6456, 0.8432, 0.3319, 0.7014, 0.7759, 
 85  [VUI  3  2  0  4  1 ]  0.0305, 0.4030, 0.0842, 0.4477, 0.1599, 0.2772, 0.1470, 0.4697, 0.3593, 0.3781, 0.0719, 0.3507, 0.1741, 0.4452, 0.5453, 0.5182, 0.0647, 0.0108, 0.4478, 0.0731, 0.4984, 0.4225, 0.2926, 0.5130, 0.3833, 0.5371, 0.5902, 0.4507, 0.2543, 0.0749, 0.5027, 0.5340, 0.0897, 0.3434, 0.3546, 0.2870, 0.2863, 0.0278, 0.2402, 0.1890, 0.2993, 0.0448, 0.0057, 0.0463, 0.4351, 0.1393, 0.5207, 0.5334, 
 86  [VUI  3  2  1  0  4 ]  0.3366, 0.8226, 0.3658, 0.7982, 0.6924, 0.6712, 0.4512, 0.7682, 0.7570, 0.8393, 0.6299, 0.7544, 0.6896, 0.7817, 0.7317, 0.7934, 0.3422, 0.3877, 0.8026, 0.2454, 0.7684, 0.8549, 0.8378, 0.7790, 0.7762, 0.7152, 0.8792, 0.7718, 0.6741, 0.6155, 0.6338, 0.7563, 0.3055, 0.6092, 0.5906, 0.5520, 0.5240, 0.5719, 0.6581, 0.5632, 0.7026, 0.4665, 0.3902, 0.6808, 0.8234, 0.3319, 0.6187, 0.7049, 
 87  [VUI  3  2  1  4  0 ]  0.3774, 0.5312, 0.4713, 0.4811, 0.6439, 0.6839, 0.6764, 0.4122, 0.4613, 0.5690, 0.6469, 0.4892, 0.5808, 0.4574, 0.3204, 0.4024, 0.6576, 0.7495, 0.4676, 0.5832, 0.3890, 0.5581, 0.6221, 0.4022, 0.4770, 0.2844, 0.5471, 0.4257, 0.4601, 0.5648, 0.2236, 0.3667, 0.6928, 0.8233, 0.8346, 0.7861, 0.7247, 0.6288, 0.4994, 0.4204, 0.4715, 0.4893, 0.5113, 0.8025, 0.5148, 0.6330, 0.1900, 0.2752, 
 88  [VUI  3  2  4  0  1 ]  0.0784, 0.0602, 0.2084, 0.0746, 0.1028, 0.2922, 0.4119, 0.0509, 0.0115, 0.0601, 0.0918, 0.0387, 0.0460, 0.0637, 0.0615, 0.0582, 0.4357, 0.4365, 0.0538, 0.4705, 0.0520, 0.0733, 0.0389, 0.0698, 0.0313, 0.0303, 0.1995, 0.0436, 0.0027, 0.0152, 0.0201, 0.0756, 0.5453, 0.5953, 0.6417, 0.5624, 0.5224, 0.0948, 0.0536, 0.0210, 0.0273, 0.0717, 0.1482, 0.1894, 0.0721, 0.4936, 0.0163, 0.0279, 
 89  [VUI  3  2  4  1  0 ]  0.4277, 0.4920, 0.5256, 0.4453, 0.6283, 0.6815, 0.7121, 0.3743, 0.4279, 0.5247, 0.6436, 0.4623, 0.5598, 0.4182, 0.2993, 0.3792, 0.7065, 0.8045, 0.4531, 0.6614, 0.3536, 0.5104, 0.5701, 0.3804, 0.4316, 0.2607, 0.5429, 0.3943, 0.4177, 0.5171, 0.2267, 0.3385, 0.7578, 0.8567, 0.8817, 0.8234, 0.7763, 0.6361, 0.4834, 0.4190, 0.4561, 0.5055, 0.5402, 0.7907, 0.4751, 0.6911, 0.1900, 0.2633, 
 90  [VUI  3  4  0  1  2 ]  0.8884, 0.8107, 0.9742, 0.3953, 0.9617, 0.9922, 0.9888, 0.5114, 0.7090, 0.7896, 0.9851, 0.8380, 0.9060, 0.4168, 0.4395, 0.6321, 0.9240, 0.8711, 0.8407, 0.9299, 0.5548, 0.7240, 0.6743, 0.8299, 0.7756, 0.6192, 0.4047, 0.7975, 0.6560, 0.7666, 0.5904, 0.3884, 0.9271, 0.9921, 1.0000, 0.9921, 1.0000, 0.9182, 0.8979, 0.8529, 0.8563, 0.9219, 0.8509, 0.9047, 0.4781, 0.9732, 0.7883, 0.6016, 
 91  [VUI  3  4  0  2  1 ]  0.5340, 0.3745, 0.6520, 0.0244, 0.4322, 0.5993, 0.6860, 0.1854, 0.2885, 0.3212, 0.4294, 0.4095, 0.3879, 0.0615, 0.1990, 0.3072, 0.6516, 0.5033, 0.4361, 0.7368, 0.2499, 0.2836, 0.1413, 0.5130, 0.3706, 0.3836, 0.0621, 0.4412, 0.2377, 0.2616, 0.3785, 0.1239, 0.7137, 0.7297, 0.7593, 0.7298, 0.7440, 0.3738, 0.4629, 0.4495, 0.4223, 0.4833, 0.4556, 0.3024, 0.0742, 0.7733, 0.6066, 0.3611, 
 92  [VUI  3  4  1  0  2 ]  0.8460, 0.7937, 0.9402, 0.3699, 0.9680, 0.9971, 0.9965, 0.4806, 0.6853, 0.7818, 0.9916, 0.8138, 0.9060, 0.3936, 0.3813, 0.5799, 0.9359, 0.8859, 0.7907, 0.9168, 0.5170, 0.7144, 0.6847, 0.7790, 0.7633, 0.5598, 0.3449, 0.7622, 0.6572, 0.8044, 0.5082, 0.3414, 0.9368, 1.0000, 1.0000, 1.0000, 0.9871, 0.9219, 0.8834, 0.8268, 0.8271, 0.9101, 0.8454, 0.9399, 0.4583, 0.9732, 0.7056, 0.5306, 
 93  [VUI  3  4  1  2  0 ]  0.5280, 0.5227, 0.6412, 0.3544, 0.7254, 0.7803, 0.8376, 0.3271, 0.4401, 0.5520, 0.7539, 0.5068, 0.6448, 0.3427, 0.2168, 0.3393, 0.8331, 0.8968, 0.4641, 0.7817, 0.3146, 0.5166, 0.5769, 0.4022, 0.4732, 0.2385, 0.3892, 0.4229, 0.4552, 0.6207, 0.1865, 0.2440, 0.8794, 0.9388, 0.9556, 0.9186, 0.8616, 0.7322, 0.5660, 0.4983, 0.5083, 0.6205, 0.6459, 0.8791, 0.4068, 0.8226, 0.2157, 0.2237, 
 94  [VUI  3  4  2  0  1 ]  0.1598, 0.0556, 0.3002, 0.0062, 0.1468, 0.3443, 0.4990, 0.0049, 0.0000, 0.0509, 0.1496, 0.0482, 0.0806, 0.0017, 0.0055, 0.0241, 0.5306, 0.5162, 0.0519, 0.5778, 0.0118, 0.0508, 0.0144, 0.0698, 0.0293, 0.0055, 0.1141, 0.0420, 0.0000, 0.0454, 0.0000, 0.0093, 0.6462, 0.6578, 0.7071, 0.6340, 0.5964, 0.1507, 0.0896, 0.0631, 0.0472, 0.1426, 0.2209, 0.2308, 0.0137, 0.5961, 0.0302, 0.0000, 
 95  [VUI  3  4  2  1  0 ]  0.5091, 0.4874, 0.6174, 0.3768, 0.6723, 0.7336, 0.7993, 0.3283, 0.4165, 0.5155, 0.7014, 0.4718, 0.5944, 0.3562, 0.2433, 0.3451, 0.8014, 0.8841, 0.4512, 0.7687, 0.3134, 0.4879, 0.5457, 0.3804, 0.4295, 0.2358, 0.4575, 0.3928, 0.4150, 0.5473, 0.2066, 0.2722, 0.8587, 0.9192, 0.9471, 0.8950, 0.8504, 0.6920, 0.5194, 0.4612, 0.4760, 0.5764, 0.6129, 0.8322, 0.4168, 0.7936, 0.2039, 0.2355, 
 96  [VUI  4  0  1  2  3 ]  0.8827, 0.7306, 0.6545, 0.7655, 0.6851, 0.5471, 0.5403, 0.8015, 0.8721, 0.7306, 0.7297, 0.7891, 0.7809, 0.7923, 0.7661, 0.7423, 0.7901, 0.9564, 0.7560, 0.7453, 0.7787, 0.6876, 0.7921, 0.6988, 0.7910, 0.8155, 0.4685, 0.7654, 0.8891, 0.8209, 0.8503, 0.7385, 0.7288, 0.4113, 0.3848, 0.4351, 0.4215, 0.8914, 0.7531, 0.8817, 0.8230, 0.8323, 0.9786, 0.8090, 0.7582, 0.5644, 0.8243, 0.8338, 
 97  [VUI  4  0  1  3  2 ]  0.9969, 0.8323, 0.9624, 0.4871, 0.9439, 0.9042, 0.9111, 0.6174, 0.8144, 0.8117, 0.9845, 0.8868, 0.9442, 0.5253, 0.5399, 0.6821, 0.9683, 0.9674, 0.8565, 0.9555, 0.6459, 0.7371, 0.7382, 0.8401, 0.8453, 0.7266, 0.3246, 0.8469, 0.8000, 0.8779, 0.7135, 0.4811, 0.9368, 0.8191, 0.8062, 0.8402, 0.8397, 0.9957, 0.9344, 0.9603, 0.9187, 1.0000, 1.0000, 0.9306, 0.5525, 0.9157, 0.8856, 0.7110, 
 98  [VUI  4  0  2  1  3 ]  0.8638, 0.6953, 0.6308, 0.7879, 0.6321, 0.5004, 0.5020, 0.8027, 0.8484, 0.6941, 0.6773, 0.7541, 0.7306, 0.8058, 0.7925, 0.7481, 0.7584, 0.9437, 0.7431, 0.7323, 0.7775, 0.6590, 0.7609, 0.6770, 0.7472, 0.8128, 0.5369, 0.7353, 0.8490, 0.7476, 0.8704, 0.7667, 0.7080, 0.3917, 0.3762, 0.4115, 0.4102, 0.8512, 0.7064, 0.8445, 0.7907, 0.7882, 0.9456, 0.7620, 0.7682, 0.5354, 0.8125, 0.8456, 
 99  [VUI  4  0  2  3  1 ]  0.5112, 0.2608, 0.3137, 0.4125, 0.1069, 0.1134, 0.2052, 0.4738, 0.4270, 0.2270, 0.1258, 0.3271, 0.2152, 0.4461, 0.5483, 0.4221, 0.4888, 0.5761, 0.3401, 0.5426, 0.4704, 0.2195, 0.2270, 0.3625, 0.3431, 0.5758, 0.1919, 0.3804, 0.4292, 0.2436, 0.6563, 0.4980, 0.4980, 0.1359, 0.1424, 0.1558, 0.1611, 0.3085, 0.2744, 0.4424, 0.3583, 0.3524, 0.5508, 0.1617, 0.3609, 0.3412, 0.6318, 0.6031, 
100  [VUI  4  0  3  1  2 ]  1.0000, 0.8166, 0.9980, 0.4558, 0.9408, 0.9263, 0.9443, 0.5831, 0.7796, 0.7908, 0.9812, 0.8706, 0.9253, 0.4873, 0.5227, 0.6763, 0.9710, 0.9568, 0.8630, 0.9830, 0.6190, 0.7180, 0.6966, 0.8456, 0.8121, 0.7068, 0.3652, 0.8325, 0.7427, 0.8156, 0.7073, 0.4596, 0.9561, 0.8781, 0.8789, 0.8948, 0.9090, 0.9756, 0.9228, 0.9382, 0.9048, 0.9882, 0.9711, 0.9072, 0.5227, 0.9544, 0.8856, 0.6991, 
101  [VUI  4  0  3  2  1 ]  0.6455, 0.3804, 0.6759, 0.0849, 0.4113, 0.5335, 0.6414, 0.2571, 0.3591, 0.3224, 0.4255, 0.4421, 0.4072, 0.1320, 0.2822, 0.3513, 0.6985, 0.5890, 0.4583, 0.7899, 0.3141, 0.2777, 0.1636, 0.5287, 0.4071, 0.4712, 0.0226, 0.4762, 0.3244, 0.3107, 0.4954, 0.1951, 0.7427, 0.6157, 0.6382, 0.6325, 0.6530, 0.4312, 0.4877, 0.5348, 0.4709, 0.5497, 0.5759, 0.3048, 0.1189, 0.7545, 0.7039, 0.4586, 
102  [VUI  4  1  0  2  3 ]  0.8327, 0.7106, 0.6146, 0.7357, 0.6925, 0.5529, 0.5493, 0.7653, 0.8443, 0.7214, 0.7374, 0.7606, 0.7809, 0.7649, 0.6976, 0.6808, 0.8041, 0.9738, 0.6971, 0.7300, 0.7342, 0.6764, 0.8044, 0.6390, 0.7766, 0.7457, 0.3982, 0.7239, 0.8905, 0.8655, 0.7535, 0.6833, 0.7402, 0.4206, 0.3848, 0.4443, 0.4063, 0.8957, 0.7359, 0.8509, 0.7887, 0.8185, 0.9722, 0.8504, 0.7349, 0.5644, 0.7271, 0.7502, 
103  [VUI  4  1  0  3  2 ]  0.9469, 0.8123, 0.9225, 0.4573, 0.9513, 0.9100, 0.9201, 0.5812, 0.7866, 0.8025, 0.9922, 0.8583, 0.9442, 0.4979, 0.4714, 0.6207, 0.9823, 0.9848, 0.7976, 0.9401, 0.6014, 0.7259, 0.7504, 0.7803, 0.8309, 0.6568, 0.2543, 0.8053, 0.8014, 0.9225, 0.6168, 0.4258, 0.9482, 0.8284, 0.8062, 0.8494, 0.8245, 1.0000, 0.9173, 0.9295, 0.8843, 0.9862, 0.9935, 0.9720, 0.5292, 0.9157, 0.7883, 0.6274, 
104  [VUI  4  1  2  0  3 ]  0.7714, 0.6584, 0.5569, 0.7327, 0.6457, 0.5111, 0.5187, 0.7357, 0.7970, 0.6771, 0.6916, 0.7014, 0.7306, 0.7551, 0.6659, 0.6344, 0.7843, 0.9760, 0.6342, 0.7039, 0.6952, 0.6382, 0.7836, 0.5663, 0.7206, 0.6837, 0.4068, 0.6584, 0.8515, 0.8300, 0.6915, 0.6645, 0.7291, 0.4088, 0.3762, 0.4286, 0.3821, 0.8591, 0.6747, 0.7876, 0.7272, 0.7626, 0.9337, 0.8386, 0.7250, 0.5354, 0.6326, 0.6910, 
105  [VUI  4  1  2  3  0 ]  0.5676, 0.4890, 0.5657, 0.4388, 0.6619, 0.6513, 0.7305, 0.3981, 0.4941, 0.5284, 0.7086, 0.4920, 0.6326, 0.4372, 0.2752, 0.3336, 0.8597, 0.9979, 0.4081, 0.7790, 0.3600, 0.4898, 0.6218, 0.3309, 0.4849, 0.2734, 0.3071, 0.4006, 0.5604, 0.7033, 0.2330, 0.3096, 0.8797, 0.7554, 0.7533, 0.7523, 0.6748, 0.7738, 0.5387, 0.5377, 0.5040, 0.6407, 0.7556, 0.8995, 0.4678, 0.7361, 0.2039, 0.2613, 
106  [VUI  4  1  3  0  2 ]  0.9076, 0.7796, 0.9242, 0.4006, 0.9544, 0.9370, 0.9609, 0.5161, 0.7281, 0.7738, 0.9955, 0.8179, 0.9253, 0.4366, 0.3961, 0.5627, 0.9969, 0.9890, 0.7540, 0.9546, 0.5367, 0.6973, 0.7192, 0.7349, 0.7855, 0.5776, 0.2351, 0.7556, 0.7452, 0.8981, 0.5284, 0.3574, 0.9772, 0.8952, 0.8789, 0.9119, 0.8809, 0.9835, 0.8910, 0.8813, 0.8413, 0.9626, 0.9592, 0.9838, 0.4796, 0.9544, 0.7056, 0.5445, 
107  [VUI  4  1  3  2  0 ]  0.5896, 0.5086, 0.6251, 0.3851, 0.7118, 0.7202, 0.8020, 0.3626, 0.4830, 0.5441, 0.7577, 0.5108, 0.6641, 0.3857, 0.2316, 0.3220, 0.8940, 1.0000, 0.4274, 0.8195, 0.3344, 0.4994, 0.6114, 0.3581, 0.4954, 0.2563, 0.2794, 0.4163, 0.5432, 0.7143, 0.2066, 0.2600, 0.9198, 0.8341, 0.8346, 0.8304, 0.7555, 0.7939, 0.5737, 0.5529, 0.5224, 0.6730, 0.7597, 0.9229, 0.4281, 0.8039, 0.2157, 0.2376, 
108  [VUI  4  2  0  1  3 ]  0.7917, 0.6338, 0.5629, 0.7844, 0.5771, 0.4512, 0.4659, 0.7679, 0.7928, 0.6420, 0.6234, 0.6844, 0.6713, 0.7943, 0.7552, 0.6935, 0.7350, 0.9462, 0.6690, 0.7016, 0.7315, 0.6141, 0.7365, 0.5916, 0.6814, 0.7399, 0.5469, 0.6583, 0.8032, 0.7059, 0.7974, 0.7446, 0.6950, 0.3778, 0.3661, 0.3930, 0.3817, 0.8081, 0.6344, 0.7700, 0.7184, 0.7225, 0.9004, 0.7482, 0.7565, 0.5012, 0.7014, 0.7759, 
109  [VUI  4  2  0  3  1 ]  0.4391, 0.1993, 0.2458, 0.4090, 0.0518, 0.0642, 0.1692, 0.4390, 0.3713, 0.1749, 0.0719, 0.2575, 0.1559, 0.4346, 0.5110, 0.3675, 0.4655, 0.5786, 0.2660, 0.5120, 0.4245, 0.1746, 0.2025, 0.2770, 0.2773, 0.5028, 0.2019, 0.3034, 0.3834, 0.2019, 0.5833, 0.4759, 0.4850, 0.1221, 0.1323, 0.1374, 0.1326, 0.2654, 0.2024, 0.3678, 0.2860, 0.2867, 0.5055, 0.1479, 0.3492, 0.3070, 0.5207, 0.5334, 
110  [VUI  4  2  1  0  3 ]  0.7492, 0.6168, 0.5290, 0.7590, 0.5833, 0.4561, 0.4736, 0.7371, 0.7691, 0.6342, 0.6299, 0.6602, 0.6713, 0.7710, 0.6970, 0.6412, 0.7469, 0.9610, 0.6190, 0.6886, 0.6937, 0.6046, 0.7469, 0.5407, 0.6692, 0.6806, 0.4871, 0.6230, 0.8043, 0.7438, 0.7152, 0.6976, 0.7047, 0.3856, 0.3661, 0.4009, 0.3688, 0.8118, 0.6199, 0.7439, 0.6892, 0.7107, 0.8949, 0.7834, 0.7366, 0.5012, 0.6187, 0.7049, 
111  [VUI  4  2  1  3  0 ]  0.5454, 0.4474, 0.5378, 0.4651, 0.5995, 0.5964, 0.6855, 0.3995, 0.4663, 0.4855, 0.6469, 0.4508, 0.5733, 0.4531, 0.3063, 0.3405, 0.8223, 0.9830, 0.3929, 0.7636, 0.3586, 0.4562, 0.5851, 0.3052, 0.4335, 0.2703, 0.3875, 0.3651, 0.5132, 0.6170, 0.2567, 0.3428, 0.8553, 0.7323, 0.7432, 0.7246, 0.6616, 0.7264, 0.4838, 0.4940, 0.4660, 0.5888, 0.7168, 0.8443, 0.4795, 0.7020, 0.1900, 0.2752, 
112  [VUI  4  2  3  0  1 ]  0.1992, 0.0000, 0.2561, 0.0632, 0.0708, 0.2292, 0.4184, 0.0418, 0.0150, 0.0000, 0.0918, 0.0112, 0.0407, 0.0606, 0.0513, 0.0136, 0.5542, 0.6044, 0.0000, 0.6003, 0.0301, 0.0000, 0.0122, 0.0000, 0.0000, 0.0202, 0.0847, 0.0000, 0.0408, 0.0528, 0.0439, 0.0584, 0.6622, 0.5299, 0.5759, 0.5182, 0.4770, 0.1650, 0.0424, 0.0739, 0.0234, 0.1432, 0.2960, 0.2195, 0.0467, 0.5432, 0.0163, 0.0279, 
113  [VUI  4  2  3  1  0 ]  0.5485, 0.4318, 0.5734, 0.4338, 0.5964, 0.6185, 0.7187, 0.3652, 0.4315, 0.4646, 0.6436, 0.4347, 0.5545, 0.4151, 0.2891, 0.3347, 0.8250, 0.9724, 0.3993, 0.7911, 0.3317, 0.4371, 0.5435, 0.3107, 0.4002, 0.2505, 0.4281, 0.3508, 0.4559, 0.5547, 0.2505, 0.3213, 0.8747, 0.7913, 0.8159, 0.7792, 0.7309, 0.7063, 0.4722, 0.4719, 0.4521, 0.5770, 0.6879, 0.8208, 0.4497, 0.7407, 0.1900, 0.2633, 
114  [VUI  4  3  0  1  2 ]  0.9537, 0.7781, 1.0000, 0.3891, 0.9445, 0.9581, 0.9923, 0.5065, 0.7109, 0.7571, 0.9851, 0.8231, 0.9030, 0.4152, 0.4340, 0.6080, 0.9881, 0.9618, 0.8117, 1.0000, 0.5430, 0.6843, 0.6599, 0.7921, 0.7586, 0.6137, 0.3426, 0.7740, 0.6767, 0.7869, 0.6033, 0.3791, 0.9903, 0.9568, 0.9645, 0.9682, 0.9754, 0.9562, 0.8919, 0.8815, 0.8542, 0.9606, 0.9307, 0.9210, 0.4644, 1.0000, 0.7883, 0.6016, 
115  [VUI  4  3  0  2  1 ]  0.5993, 0.3419, 0.6779, 0.0182, 0.4150, 0.5653, 0.6895, 0.1805, 0.2904, 0.2887, 0.4294, 0.3946, 0.3850, 0.0598, 0.1935, 0.2831, 0.7157, 0.5940, 0.4070, 0.8069, 0.2381, 0.2440, 0.1269, 0.4753, 0.3536, 0.3781, 0.0000, 0.4176, 0.2583, 0.2819, 0.3914, 0.1146, 0.7769, 0.6944, 0.7238, 0.7059, 0.7195, 0.4118, 0.4569, 0.4781, 0.4202, 0.5220, 0.5355, 0.3186, 0.0605, 0.8001, 0.6066, 0.3611, 
116  [VUI  4  3  1  0  2 ]  0.9113, 0.7611, 0.9661, 0.3637, 0.9507, 0.9631, 1.0000, 0.4757, 0.6872, 0.7493, 0.9916, 0.7989, 0.9030, 0.3919, 0.3759, 0.5558, 1.0000, 0.9766, 0.7616, 0.9870, 0.5052, 0.6748, 0.6703, 0.7413, 0.7464, 0.5544, 0.2828, 0.7386, 0.6778, 0.8247, 0.5211, 0.3321, 1.0000, 0.9646, 0.9645, 0.9761, 0.9625, 0.9599, 0.8773, 0.8554, 0.8250, 0.9488, 0.9252, 0.9562, 0.4446, 1.0000, 0.7056, 0.5306, 
117  [VUI  4  3  1  2  0 ]  0.5933, 0.4901, 0.6670, 0.3482, 0.7081, 0.7463, 0.8411, 0.3222, 0.4421, 0.5195, 0.7539, 0.4918, 0.6419, 0.3410, 0.2113, 0.3152, 0.8972, 0.9876, 0.4350, 0.8519, 0.3028, 0.4769, 0.5625, 0.3645, 0.4563, 0.2330, 0.3271, 0.3993, 0.4758, 0.6410, 0.1993, 0.2347, 0.9426, 0.9035, 0.9201, 0.8947, 0.8371, 0.7702, 0.5600, 0.5269, 0.5061, 0.6592, 0.7258, 0.8953, 0.3931, 0.8494, 0.2157, 0.2237, 
118  [VUI  4  3  2  0  1 ]  0.2251, 0.0231, 0.3260, 0.0000, 0.1296, 0.3102, 0.5026, 0.0000, 0.0019, 0.0184, 0.1496, 0.0333, 0.0777, 0.0000, 0.0000, 0.0000, 0.5947, 0.6069, 0.0228, 0.6480, 0.0000, 0.0112, 0.0000, 0.0321, 0.0123, 0.0000, 0.0521, 0.0185, 0.0206, 0.0657, 0.0129, 0.0000, 0.7094, 0.6224, 0.6716, 0.6101, 0.5719, 0.1887, 0.0835, 0.0917, 0.0451, 0.1812, 0.3008, 0.2471, 0.0000, 0.6229, 0.0302, 0.0000, 
119  [VUI  4  3  2  1  0 ]  0.5744, 0.4548, 0.6432, 0.3706, 0.6551, 0.6995, 0.8028, 0.3234, 0.4184, 0.4830, 0.7014, 0.4569, 0.5915, 0.3545, 0.2378, 0.3210, 0.8654, 0.9749, 0.4221, 0.8388, 0.3016, 0.4483, 0.5313, 0.3427, 0.4126, 0.2304, 0.3954, 0.3692, 0.4357, 0.5676, 0.2195, 0.2629, 0.9219, 0.8838, 0.9116, 0.8711, 0.8258, 0.7300, 0.5133, 0.4898, 0.4739, 0.6151, 0.6928, 0.8484, 0.4030, 0.8204, 0.2039, 0.2355, 

Computing best position for each actor
Best for 00 is [VUI  4  0  3  1  2 ]
Best for 01 is [VUI  0  1  3  2  4 ]
Best for 02 is [VUI  4  3  0  1  2 ]
Best for 03 is [VUI  0  2  1  3  4 ]
Best for 04 is [VUI  1  3  0  4  2 ]
Best for 05 is [VUI  3  1  4  0  2 ]
Best for 06 is [VUI  4  3  1  0  2 ]
Best for 07 is [VUI  0  2  1  3  4 ]
Best for 08 is [VUI  0  1  2  4  3 ]
Best for 09 is [VUI  0  1  3  2  4 ]
Best for 10 is [VUI  1  3  4  0  2 ]
Best for 11 is [VUI  0  1  3  4  2 ]
Best for 12 is [VUI  0  1  3  4  2 ]
Best for 13 is [VUI  0  2  1  3  4 ]
Best for 14 is [VUI  0  2  1  3  4 ]
Best for 15 is [VUI  0  2  1  3  4 ]
Best for 16 is [VUI  4  3  1  0  2 ]
Best for 17 is [VUI  4  1  3  2  0 ]
Best for 18 is [VUI  0  3  1  2  4 ]
Best for 19 is [VUI  4  3  0  1  2 ]
Best for 20 is [VUI  0  1  2  3  4 ]
Best for 21 is [VUI  0  1  3  2  4 ]
Best for 22 is [VUI  1  0  2  3  4 ]
Best for 23 is [VUI  0  3  1  2  4 ]
Best for 24 is [VUI  0  1  3  2  4 ]
Best for 25 is [VUI  0  1  2  3  4 ]
Best for 26 is [VUI  2  0  3  1  4 ]
Best for 27 is [VUI  0  1  3  2  4 ]
Best for 28 is [VUI  1  0  2  4  3 ]
Best for 29 is [VUI  1  0  4  3  2 ]
Best for 30 is [VUI  0  2  4  1  3 ]
Best for 31 is [VUI  0  2  1  3  4 ]
Best for 32 is [VUI  4  3  1  0  2 ]
Best for 33 is [VUI  3  4  1  0  2 ]
Best for 34 is [VUI  3  4  0  1  2 ]
Best for 35 is [VUI  3  4  1  0  2 ]
Best for 36 is [VUI  3  4  0  1  2 ]
Best for 37 is [VUI  4  1  0  3  2 ]
Best for 38 is [VUI  0  1  3  4  2 ]
Best for 39 is [VUI  0  1  4  3  2 ]
Best for 40 is [VUI  0  1  3  4  2 ]
Best for 41 is [VUI  4  0  1  3  2 ]
Best for 42 is [VUI  4  0  1  3  2 ]
Best for 43 is [VUI  1  4  3  0  2 ]
Best for 44 is [VUI  0  2  1  3  4 ]
Best for 45 is [VUI  4  3  0  1  2 ]
Best for 46 is [VUI  0  1  3  4  2 ]
Best for 47 is [VUI  0  2  1  3  4 ]
Computing zeta ... 
Sorting positions from most to least net support ...
Displaying highest 120
   0:   22  963.59  [VUI  0  4  3  1  2 ]
   1:   19  962.86  [VUI  0  4  1  3  2 ]
   2:   16  959.03  [VUI  0  3  4  1  2 ]
   3:    5  957.45  [VUI  0  1  4  3  2 ]
   4:   13  954.42  [VUI  0  3  1  4  2 ]
   5:    3  953.57  [VUI  0  1  3  4  2 ]
   6:  100  942.41  [VUI  4  0  3  1  2 ]
   7:   97  941.68  [VUI  4  0  1  3  2 ]
   8:   76  932.48  [VUI  3  0  4  1  2 ]
   9:   29  929.89  [VUI  1  0  4  3  2 ]
  10:   73  927.88  [VUI  3  0  1  4  2 ]
  11:   27  926.01  [VUI  1  0  3  4  2 ]
  12:  114  919.84  [VUI  4  3  0  1  2 ]
  13:  103  918.26  [VUI  4  1  0  3  2 ]
  14:   90  914.48  [VUI  3  4  0  1  2 ]
  15:   43  911.88  [VUI  1  4  0  3  2 ]
  16:   79  904.45  [VUI  3  1  0  4  2 ]
  17:   37  903.45  [VUI  1  3  0  4  2 ]
  18:  116  899.93  [VUI  4  3  1  0  2 ]
  19:  106  899.08  [VUI  4  1  3  0  2 ]
  20:   92  894.57  [VUI  3  4  1  0  2 ]
  21:   46  892.70  [VUI  1  4  3  0  2 ]
  22:   82  889.15  [VUI  3  1  4  0  2 ]
  23:   40  888.14  [VUI  1  3  4  0  2 ]
  24:   18  833.33  [VUI  0  4  1  2  3 ]
  25:    4  827.91  [VUI  0  1  4  2  3 ]
  26:   96  812.14  [VUI  4  0  1  2  3 ]
  27:   20  809.07  [VUI  0  4  2  1  3 ]
  28:   12  804.79  [VUI  0  3  1  2  4 ]
  29:    2  803.93  [VUI  0  1  3  2  4 ]
  30:   28  800.35  [VUI  1  0  4  2  3 ]
  31:    1  799.05  [VUI  0  1  2  4  3 ]
  32:  102  788.72  [VUI  4  1  0  2  3 ]
  33:   98  787.89  [VUI  4  0  2  1  3 ]
  34:   42  782.35  [VUI  1  4  0  2  3 ]
  35:   14  780.53  [VUI  0  3  2  1  4 ]
  36:    0  778.95  [VUI  0  1  2  3  4 ]
  37:   72  778.24  [VUI  3  0  1  2  4 ]
  38:   26  776.37  [VUI  1  0  3  2  4 ]
  39:   10  775.12  [VUI  0  2  4  1  3 ]
  40:   25  771.49  [VUI  1  0  2  4  3 ]
  41:    7  770.51  [VUI  0  2  1  4  3 ]
  42:   78  754.82  [VUI  3  1  0  2  4 ]
  43:   74  753.98  [VUI  3  0  2  1  4 ]
  44:   36  753.81  [VUI  1  3  0  2  4 ]
  45:   24  751.39  [VUI  1  0  2  3  4 ]
  46:    8  751.14  [VUI  0  2  3  1  4 ]
  47:    6  750.41  [VUI  0  2  1  3  4 ]
  48:  104  744.56  [VUI  4  1  2  0  3 ]
  49:   44  738.18  [VUI  1  4  2  0  3 ]
  50:  108  735.93  [VUI  4  2  0  1  3 ]
  51:   31  719.54  [VUI  1  2  0  4  3 ]
  52:  110  716.02  [VUI  4  2  1  0  3 ]
  53:   52  713.99  [VUI  2  0  4  1  3 ]
  54:   80  710.65  [VUI  3  1  2  0  4 ]
  55:   38  709.64  [VUI  1  3  2  0  4 ]
  56:   49  709.39  [VUI  2  0  1  4  3 ]
  57:   34  704.23  [VUI  1  2  4  0  3 ]
  58:   84  702.03  [VUI  3  2  0  1  4 ]
  59:   30  699.43  [VUI  1  2  0  3  4 ]
  60:   66  695.99  [VUI  2  4  0  1  3 ]
  61:   50  690.01  [VUI  2  0  3  1  4 ]
  62:   48  689.29  [VUI  2  0  1  3  4 ]
  63:   55  685.96  [VUI  2  1  0  4  3 ]
  64:   86  682.12  [VUI  3  2  1  0  4 ]
  65:   32  680.25  [VUI  1  2  3  0  4 ]
  66:   68  676.08  [VUI  2  4  1  0  3 ]
  67:  117  670.94  [VUI  4  3  1  2  0 ]
  68:   58  670.66  [VUI  2  1  4  0  3 ]
  69:  107  670.08  [VUI  4  1  3  2  0 ]
  70:   60  667.45  [VUI  2  3  0  1  4 ]
  71:   54  665.86  [VUI  2  1  0  3  4 ]
  72:   93  665.57  [VUI  3  4  1  2  0 ]
  73:   47  663.71  [VUI  1  4  3  2  0 ]
  74:   83  660.16  [VUI  3  1  4  2  0 ]
  75:   41  659.15  [VUI  1  3  4  2  0 ]
  76:   62  647.54  [VUI  2  3  1  0  4 ]
  77:  119  646.69  [VUI  4  3  2  1  0 ]
  78:   56  646.68  [VUI  2  1  3  0  4 ]
  79:  105  645.10  [VUI  4  1  2  3  0 ]
  80:   95  641.32  [VUI  3  4  2  1  0 ]
  81:   45  638.73  [VUI  1  4  2  3  0 ]
  82:   81  631.30  [VUI  3  1  2  4  0 ]
  83:   39  630.29  [VUI  1  3  2  4  0 ]
  84:  113  617.29  [VUI  4  2  3  1  0 ]
  85:  111  616.57  [VUI  4  2  1  3  0 ]
  86:   89  607.37  [VUI  3  2  4  1  0 ]
  87:   35  604.77  [VUI  1  2  4  3  0 ]
  88:   87  602.76  [VUI  3  2  1  4  0 ]
  89:   33  600.90  [VUI  1  2  3  4  0 ]
  90:   71  577.35  [VUI  2  4  3  1  0 ]
  91:   69  576.62  [VUI  2  4  1  3  0 ]
  92:   65  572.79  [VUI  2  3  4  1  0 ]
  93:   59  571.20  [VUI  2  1  4  3  0 ]
  94:   63  568.18  [VUI  2  3  1  4  0 ]
  95:   57  567.33  [VUI  2  1  3  4  0 ]
  96:   23  555.27  [VUI  0  4  3  2  1 ]
  97:   17  550.70  [VUI  0  3  4  2  1 ]
  98:  101  534.08  [VUI  4  0  3  2  1 ]
  99:   77  524.16  [VUI  3  0  4  2  1 ]
 100:  115  511.52  [VUI  4  3  0  2  1 ]
 101:   91  506.15  [VUI  3  4  0  2  1 ]
 102:   21  402.87  [VUI  0  4  2  3  1 ]
 103:   99  381.69  [VUI  4  0  2  3  1 ]
 104:   15  374.66  [VUI  0  3  2  4  1 ]
 105:   11  368.92  [VUI  0  2  4  3  1 ]
 106:   75  348.11  [VUI  3  0  2  4  1 ]
 107:    9  345.27  [VUI  0  2  3  4  1 ]
 108:  109  329.73  [VUI  4  2  0  3  1 ]
 109:   53  307.79  [VUI  2  0  4  3  1 ]
 110:   85  296.15  [VUI  3  2  0  4  1 ]
 111:   67  289.79  [VUI  2  4  0  3  1 ]
 112:   51  284.14  [VUI  2  0  3  4  1 ]
 113:   61  261.58  [VUI  2  3  0  4  1 ]
 114:  118  242.11  [VUI  4  3  2  0  1 ]
 115:   94  236.75  [VUI  3  4  2  0  1 ]
 116:  112  212.72  [VUI  4  2  3  0  1 ]
 117:   88  202.80  [VUI  3  2  4  0  1 ]
 118:   70  172.78  [VUI  2  4  3  0  1 ]
 119:   64  168.22  [VUI  2  3  4  0  1 ]
Starting Model::run iteration 1

State number 0
Position 00: [VUI  4  0  3  1  2 ]
Position 01: [VUI  0  1  3  2  4 ]
Position 02: [VUI  4  3  0  1  2 ]
Position 03: [VUI  0  2  1  3  4 ]
Position 04: [VUI  1  3  0  4  2 ]
Position 05: [VUI  3  1  4  0  2 ]
Position 06: [VUI  4  3  1  0  2 ]
Position 07: [VUI  0  2  1  3  4 ]
Position 08: [VUI  0  1  2  4  3 ]
Position 09: [VUI  0  1  3  2  4 ]
Position 10: [VUI  1  3  4  0  2 ]
Position 11: [VUI  0  1  3  4  2 ]
Position 12: [VUI  0  1  3  4  2 ]
Position 13: [VUI  0  2  1  3  4 ]
Position 14: [VUI  0  2  1  3  4 ]
Position 15: [VUI  0  2  1  3  4 ]
Position 16: [VUI  4  3  1  0  2 ]
Position 17: [VUI  4  1  3  2  0 ]
Position 18: [VUI  0  3  1  2  4 ]
Position 19: [VUI  4  3  0  1  2 ]
Position 20: [VUI  0  1  2  3  4 ]
Position 21: [VUI  0  1  3  2  4 ]
Position 22: [VUI  1  0  2  3  4 ]
Position 23: [VUI  0  3  1  2  4 ]
Position 24: [VUI  0  1  3  2  4 ]
Position 25: [VUI  0  1  2  3  4 ]
Position 26: [VUI  2  0  3  1  4 ]
Position 27: [VUI  0  1  3  2  4 ]
Position 28: [VUI  1  0  2  4  3 ]
Position 29: [VUI  1  0  4  3  2 ]
Position 30: [VUI  0  2  4  1  3 ]
Position 31: [VUI  0  2  1  3  4 ]
Position 32: [VUI  4  3  1  0  2 ]
Position 33: [VUI  3  4  1  0  2 ]
Position 34: [VUI  3  4  0  1  2 ]
Position 35: [VUI  3  4  1  0  2 ]
Position 36: [VUI  3  4  0  1  2 ]
Position 37: [VUI  4  1  0  3  2 ]
Position 38: [VUI  0  1  3  4  2 ]
Position 39: [VUI  0  1  4  3  2 ]
Position 40: [VUI  0  1  3  4  2 ]
Position 41: [VUI  4  0  1  3  2 ]
Position 42: [VUI  4  0  1  3  2 ]
Position 43: [VUI  1  4  3  0  2 ]
Position 44: [VUI  0  2  1  3  4 ]
Position 45: [VUI  4  3  0  1  2 ]
Position 46: [VUI  0  1  3  4  2 ]
Position 47: [VUI  0  2  1  3  4 ]
Number of aUtils: 48
There are 24 unique positions 
   0:  0.1535 
   1:  0.0000 
   2:  0.0040 
   3:  0.0000 
   4:  0.0001 
   5:  0.0000 
   6:  0.0000 
   8:  0.0000 
  10:  0.0000 
  11:  0.2268 
  17:  0.0000 
  18:  0.0000 
  20:  0.0000 
  22:  0.0000 
  26:  0.0000 
  28:  0.0000 
  29:  0.0036 
  30:  0.0000 
  33:  0.0000 
  34:  0.0018 
  37:  0.0006 
  39:  0.4839 
  41:  0.1257 
  43:  0.0000 

Actor expected utilities: 0.9066, 0.9613, 0.8665, 0.6089, 0.9798, 0.9166, 0.8136, 0.7509, 0.9250, 0.9410, 0.9838, 0.9891, 0.9958, 0.6510, 0.6693, 0.8157, 0.8105, 0.7810, 0.9684, 0.7577, 0.7852, 0.8795, 0.8552, 0.9738, 0.9773, 0.8638, 0.4372, 0.9779, 0.8927, 0.9351, 0.8092, 0.6142, 0.7435, 0.7418, 0.7065, 0.7492, 0.7418, 0.9588, 0.9944, 0.9871, 0.9949, 0.9618, 0.9073, 0.9064, 0.6793, 0.7657, 0.9942, 0.8328, 


Starting Model::run iteration 2

State number 1
Position 00: [VUI  0  4  3  1  2 ]
Position 01: [VUI  3  0  1  2  4 ]
Position 02: [VUI  0  4  3  1  2 ]
Position 03: [VUI  1  0  3  4  2 ]
Position 04: [VUI  0  3  1  4  2 ]
Position 05: [VUI  0  3  4  1  2 ]
Position 06: [VUI  0  4  3  1  2 ]
Position 07: [VUI  1  0  3  4  2 ]
Position 08: [VUI  0  1  2  4  3 ]
Position 09: [VUI  3  0  1  2  4 ]
Position 10: [VUI  1  3  4  0  2 ]
Position 11: [VUI  1  0  3  4  2 ]
Position 12: [VUI  1  0  3  4  2 ]
Position 13: [VUI  3  0  1  2  4 ]
Position 14: [VUI  0  4  1  3  2 ]
Position 15: [VUI  0  3  1  4  2 ]
Position 16: [VUI  0  4  3  1  2 ]
Position 17: [VUI  0  4  1  3  2 ]
Position 18: [VUI  0  3  4  1  2 ]
Position 19: [VUI  0  4  3  1  2 ]
Position 20: [VUI  1  0  3  4  2 ]
Position 21: [VUI  3  0  1  2  4 ]
Position 22: [VUI  1  0  3  4  2 ]
Position 23: [VUI  0  3  4  1  2 ]
Position 24: [VUI  3  0  1  2  4 ]
Position 25: [VUI  0  4  1  3  2 ]
Position 26: [VUI  0  3  4  1  2 ]
Position 27: [VUI  3  0  1  2  4 ]
Position 28: [VUI  1  0  3  4  2 ]
Position 29: [VUI  1  0  4  3  2 ]
Position 30: [VUI  0  4  3  1  2 ]
Position 31: [VUI  1  0  3  4  2 ]
Position 32: [VUI  0  4  3  1  2 ]
Position 33: [VUI  0  3  4  1  2 ]
Position 34: [VUI  0  3  4  1  2 ]
Position 35: [VUI  0  4  3  1  2 ]
Position 36: [VUI  0  4  3  1  2 ]
Position 37: [VUI  0  4  1  3  2 ]
Position 38: [VUI  1  0  3  4  2 ]
Position 39: [VUI  0  4  1  3  2 ]
Position 40: [VUI  1  0  3  4  2 ]
Position 41: [VUI  0  4  1  3  2 ]
Position 42: [VUI  0  4  1  3  2 ]
Position 43: [VUI  1  4  3  0  2 ]
Position 44: [VUI  1  0  3  4  2 ]
Position 45: [VUI  0  4  3  1  2 ]
Position 46: [VUI  0  4  3  1  2 ]
Position 47: [VUI  0  4  1  3  2 ]
Number of aUtils: 48
There are 10 unique positions 
   0:  0.3250 
   1:  0.0000 
   3:  0.0028 
   4:  0.1458 
   5:  0.1923 
   8:  0.0001 
  10:  0.0000 
  14:  0.3290 
  29:  0.0049 
  43:  0.0002 

Actor expected utilities: 0.9871, 0.9018, 0.9534, 0.5547, 0.9553, 0.9132, 0.8691, 0.6937, 0.8743, 0.8728, 0.9782, 0.9489, 0.9629, 0.5911, 0.6403, 0.7835, 0.8850, 0.8642, 0.9497, 0.8797, 0.7326, 0.8063, 0.7732, 0.9440, 0.9072, 0.8308, 0.4360, 0.9316, 0.8256, 0.8573, 0.8195, 0.5735, 0.8434, 0.7945, 0.7811, 0.8077, 0.8242, 0.9692, 0.9705, 0.9861, 0.9728, 0.9871, 0.9512, 0.8852, 0.6188, 0.8562, 1.0000, 0.8192, 


Starting Model::run iteration 3

State number 2
Position 00: [VUI  4  0  3  1  2 ]
Position 01: [VUI  3  0  1  2  4 ]
Position 02: [VUI  4  0  3  1  2 ]
Position 03: [VUI  0  1  4  3  2 ]
Position 04: [VUI  0  1  3  4  2 ]
Position 05: [VUI  0  3  4  1  2 ]
Position 06: [VUI  4  0  3  1  2 ]
Position 07: [VUI  0  1  4  3  2 ]
Position 08: [VUI  0  1  4  3  2 ]
Position 09: [VUI  3  0  1  2  4 ]
Position 10: [VUI  0  1  4  3  2 ]
Position 11: [VUI  0  1  3  4  2 ]
Position 12: [VUI  0  1  4  3  2 ]
Position 13: [VUI  3  0  1  2  4 ]
Position 14: [VUI  0  1  4  3  2 ]
Position 15: [VUI  0  1  3  4  2 ]
Position 16: [VUI  4  0  3  1  2 ]
Position 17: [VUI  4  0  1  3  2 ]
Position 18: [VUI  0  1  3  4  2 ]
Position 19: [VUI  4  0  3  1  2 ]
Position 20: [VUI  0  1  4  3  2 ]
Position 21: [VUI  3  0  1  2  4 ]
Position 22: [VUI  0  1  4  3  2 ]
Position 23: [VUI  0  1  3  4  2 ]
Position 24: [VUI  3  0  1  2  4 ]
Position 25: [VUI  0  1  4  3  2 ]
Position 26: [VUI  0  3  4  1  2 ]
Position 27: [VUI  3  0  1  2  4 ]
Position 28: [VUI  0  1  4  3  2 ]
Position 29: [VUI  0  1  4  3  2 ]
Position 30: [VUI  0  1  4  3  2 ]
Position 31: [VUI  0  1  4  3  2 ]
Position 32: [VUI  4  0  3  1  2 ]
Position 33: [VUI  3  0  4  1  2 ]
Position 34: [VUI  4  0  3  1  2 ]
Position 35: [VUI  4  0  3  1  2 ]
Position 36: [VUI  4  0  3  1  2 ]
Position 37: [VUI  0  1  4  3  2 ]
Position 38: [VUI  0  1  3  4  2 ]
Position 39: [VUI  0  1  4  3  2 ]
Position 40: [VUI  0  1  4  3  2 ]
Position 41: [VUI  4  0  1  3  2 ]
Position 42: [VUI  0  1  4  3  2 ]
Position 43: [VUI  0  1  4  3  2 ]
Position 44: [VUI  0  1  4  3  2 ]
Position 45: [VUI  4  0  3  1  2 ]
Position 46: [VUI  0  4  3  1  2 ]
Position 47: [VUI  0  1  4  3  2 ]
Number of aUtils: 48
There are 8 unique positions 
   0:  0.0514 
   1:  0.0000 
   3:  0.1775 
   4:  0.1052 
   5:  0.2087 
  17:  0.0360 
  33:  0.0128 
  46:  0.4082 

Actor expected utilities: 0.9686, 0.9130, 0.9411, 0.5609, 0.9605, 0.9193, 0.8633, 0.7001, 0.8788, 0.8848, 0.9786, 0.9553, 0.9665, 0.5971, 0.6443, 0.7910, 0.8670, 0.8407, 0.9568, 0.8563, 0.7398, 0.8200, 0.7832, 0.9536, 0.9167, 0.8352, 0.4472, 0.9402, 0.8283, 0.8607, 0.8168, 0.5791, 0.8231, 0.7957, 0.7803, 0.8064, 0.8209, 0.9616, 0.9738, 0.9814, 0.9754, 0.9782, 0.9333, 0.8841, 0.6269, 0.8432, 1.0000, 0.8209, 


Starting Model::run iteration 4

State number 3
Position 00: [VUI  0  4  1  3  2 ]
Position 01: [VUI  0  3  1  4  2 ]
Position 02: [VUI  4  1  0  3  2 ]
Position 03: [VUI  1  0  4  3  2 ]
Position 04: [VUI  0  3  1  4  2 ]
Position 05: [VUI  0  3  1  4  2 ]
Position 06: [VUI  4  1  0  3  2 ]
Position 07: [VUI  0  4  1  3  2 ]
Position 08: [VUI  0  4  1  3  2 ]
Position 09: [VUI  0  3  1  4  2 ]
Position 10: [VUI  0  1  4  3  2 ]
Position 11: [VUI  1  0  3  4  2 ]
Position 12: [VUI  1  0  4  3  2 ]
Position 13: [VUI  0  4  1  3  2 ]
Position 14: [VUI  0  4  1  3  2 ]
Position 15: [VUI  0  3  1  4  2 ]
Position 16: [VUI  0  4  1  3  2 ]
Position 17: [VUI  0  4  1  3  2 ]
Position 18: [VUI  0  3  1  4  2 ]
Position 19: [VUI  4  1  0  3  2 ]
Position 20: [VUI  1  0  4  3  2 ]
Position 21: [VUI  0  3  1  4  2 ]
Position 22: [VUI  1  0  4  3  2 ]
Position 23: [VUI  0  3  1  4  2 ]
Position 24: [VUI  1  0  3  4  2 ]
Position 25: [VUI  0  4  1  3  2 ]
Position 26: [VUI  0  3  1  4  2 ]
Position 27: [VUI  0  3  1  4  2 ]
Position 28: [VUI  0  4  1  3  2 ]
Position 29: [VUI  0  4  1  3  2 ]
Position 30: [VUI  0  4  1  3  2 ]
Position 31: [VUI  1  0  4  3  2 ]
Position 32: [VUI  4  1  0  3  2 ]
Position 33: [VUI  3  0  4  1  2 ]
Position 34: [VUI  4  1  0  3  2 ]
Position 35: [VUI  4  1  0  3  2 ]
Position 36: [VUI  4  1  0  3  2 ]
Position 37: [VUI  0  4  1  3  2 ]
Position 38: [VUI  1  0  3  4  2 ]
Position 39: [VUI  0  4  1  3  2 ]
Position 40: [VUI  0  4  1  3  2 ]
Position 41: [VUI  0  4  1  3  2 ]
Position 42: [VUI  0  4  1  3  2 ]
Position 43: [VUI  0  4  1  3  2 ]
Position 44: [VUI  1  0  4  3  2 ]
Position 45: [VUI  4  1  0  3  2 ]
Position 46: [VUI  0  4  3  1  2 ]
Position 47: [VUI  0  4  1  3  2 ]
Number of aUtils: 48
There are 8 unique positions 
   0:  0.3233 
   1:  0.1309 
   2:  0.0034 
   3:  0.0017 
  10:  0.2096 
  11:  0.0012 
  33:  0.0132 
  46:  0.3166 

Actor expected utilities: 0.9860, 0.9092, 0.9361, 0.5700, 0.9567, 0.9021, 0.8528, 0.7105, 0.8914, 0.8828, 0.9798, 0.9567, 0.9722, 0.6097, 0.6487, 0.7862, 0.8842, 0.8700, 0.9464, 0.8667, 0.7457, 0.8154, 0.7935, 0.9411, 0.9234, 0.8405, 0.4157, 0.9385, 0.8539, 0.8880, 0.8226, 0.5839, 0.8343, 0.7653, 0.7452, 0.7808, 0.7900, 0.9793, 0.9761, 0.9971, 0.9796, 0.9932, 0.9659, 0.8968, 0.6333, 0.8374, 1.0000, 0.8250, 


Starting Model::run iteration 5

State number 4
Position 00: [VUI  4  0  1  3  2 ]
Position 01: [VUI  0  1  3  4  2 ]
Position 02: [VUI  4  0  3  1  2 ]
Position 03: [VUI  1  0  4  3  2 ]
Position 04: [VUI  0  1  3  4  2 ]
Position 05: [VUI  0  3  4  1  2 ]
Position 06: [VUI  4  0  3  1  2 ]
Position 07: [VUI  0  1  3  4  2 ]
Position 08: [VUI  0  1  3  4  2 ]
Position 09: [VUI  0  1  3  4  2 ]
Position 10: [VUI  0  1  4  3  2 ]
Position 11: [VUI  0  1  3  4  2 ]
Position 12: [VUI  1  0  4  3  2 ]
Position 13: [VUI  0  1  3  4  2 ]
Position 14: [VUI  0  1  3  4  2 ]
Position 15: [VUI  0  1  3  4  2 ]
Position 16: [VUI  4  0  1  3  2 ]
Position 17: [VUI  4  0  1  3  2 ]
Position 18: [VUI  0  1  3  4  2 ]
Position 19: [VUI  4  0  3  1  2 ]
Position 20: [VUI  1  0  4  3  2 ]
Position 21: [VUI  0  1  3  4  2 ]
Position 22: [VUI  1  0  4  3  2 ]
Position 23: [VUI  0  1  3  4  2 ]
Position 24: [VUI  0  1  3  4  2 ]
Position 25: [VUI  0  1  3  4  2 ]
Position 26: [VUI  0  3  4  1  2 ]
Position 27: [VUI  0  1  3  4  2 ]
Position 28: [VUI  0  1  3  4  2 ]
Position 29: [VUI  0  1  3  4  2 ]
Position 30: [VUI  0  4  1  3  2 ]
Position 31: [VUI  1  0  4  3  2 ]
Position 32: [VUI  4  0  3  1  2 ]
Position 33: [VUI  0  3  4  1  2 ]
Position 34: [VUI  0  3  4  1  2 ]
Position 35: [VUI  0  3  4  1  2 ]
Position 36: [VUI  0  3  4  1  2 ]
Position 37: [VUI  4  0  1  3  2 ]
Position 38: [VUI  0  1  3  4  2 ]
Position 39: [VUI  0  4  1  3  2 ]
Position 40: [VUI  0  1  3  4  2 ]
Position 41: [VUI  4  0  1  3  2 ]
Position 42: [VUI  4  0  1  3  2 ]
Position 43: [VUI  0  1  3  4  2 ]
Position 44: [VUI  1  0  4  3  2 ]
Position 45: [VUI  4  0  3  1  2 ]
Position 46: [VUI  0  4  3  1  2 ]
Position 47: [VUI  0  1  3  4  2 ]
Number of aUtils: 48
There are 8 unique positions 
   0:  0.0196 
   1:  0.0801 
   2:  0.0308 
   3:  0.0008 
   5:  0.1357 
  10:  0.1545 
  30:  0.2717 
  46:  0.3068 

Actor expected utilities: 0.9803, 0.9083, 0.9430, 0.5623, 0.9576, 0.9114, 0.8613, 0.7018, 0.8819, 0.8805, 0.9789, 0.9539, 0.9674, 0.5998, 0.6447, 0.7871, 0.8784, 0.8580, 0.9510, 0.8669, 0.7397, 0.8142, 0.7838, 0.9463, 0.9162, 0.8357, 0.4328, 0.9370, 0.8365, 0.8693, 0.8197, 0.5791, 0.8331, 0.7847, 0.7682, 0.7978, 0.8110, 0.9701, 0.9736, 0.9883, 0.9761, 0.9861, 0.9501, 0.8889, 0.6267, 0.8451, 1.0000, 0.8219, 


Starting Model::run iteration 6

State number 5
Position 00: [VUI  4  1  0  3  2 ]
Position 01: [VUI  1  0  3  4  2 ]
Position 02: [VUI  4  1  0  3  2 ]
Position 03: [VUI  1  0  3  4  2 ]
Position 04: [VUI  0  3  1  4  2 ]
Position 05: [VUI  0  3  1  4  2 ]
Position 06: [VUI  4  1  0  3  2 ]
Position 07: [VUI  1  0  3  4  2 ]
Position 08: [VUI  1  0  3  4  2 ]
Position 09: [VUI  1  0  3  4  2 ]
Position 10: [VUI  0  1  4  3  2 ]
Position 11: [VUI  1  0  3  4  2 ]
Position 12: [VUI  1  0  3  4  2 ]
Position 13: [VUI  1  0  3  4  2 ]
Position 14: [VUI  1  0  3  4  2 ]
Position 15: [VUI  0  3  1  4  2 ]
Position 16: [VUI  4  1  0  3  2 ]
Position 17: [VUI  4  1  0  3  2 ]
Position 18: [VUI  0  3  1  4  2 ]
Position 19: [VUI  4  1  0  3  2 ]
Position 20: [VUI  1  0  3  4  2 ]
Position 21: [VUI  1  0  3  4  2 ]
Position 22: [VUI  1  0  3  4  2 ]
Position 23: [VUI  0  3  1  4  2 ]
Position 24: [VUI  1  0  3  4  2 ]
Position 25: [VUI  1  0  3  4  2 ]
Position 26: [VUI  0  3  1  4  2 ]
Position 27: [VUI  1  0  3  4  2 ]
Position 28: [VUI  1  0  3  4  2 ]
Position 29: [VUI  1  0  3  4  2 ]
Position 30: [VUI  0  4  1  3  2 ]
Position 31: [VUI  1  0  3  4  2 ]
Position 32: [VUI  4  1  0  3  2 ]
Position 33: [VUI  3  0  4  1  2 ]
Position 34: [VUI  3  0  4  1  2 ]
Position 35: [VUI  3  0  4  1  2 ]
Position 36: [VUI  3  0  4  1  2 ]
Position 37: [VUI  4  0  1  3  2 ]
Position 38: [VUI  1  0  3  4  2 ]
Position 39: [VUI  0  4  1  3  2 ]
Position 40: [VUI  1  0  3  4  2 ]
Position 41: [VUI  4  0  1  3  2 ]
Position 42: [VUI  4  1  0  3  2 ]
Position 43: [VUI  0  1  3  4  2 ]
Position 44: [VUI  1  0  3  4  2 ]
Position 45: [VUI  4  1  0  3  2 ]
Position 46: [VUI  0  4  3  1  2 ]
Position 47: [VUI  1  0  3  4  2 ]
Number of aUtils: 48
There are 9 unique positions 
   0:  0.0007 
   1:  0.0003 
   4:  0.0980 
  10:  0.1529 
  30:  0.2898 
  33:  0.0087 
  37:  0.0294 
  43:  0.0848 
  46:  0.3354 

Actor expected utilities: 0.9605, 0.9240, 0.9211, 0.5769, 0.9638, 0.9120, 0.8467, 0.7173, 0.8956, 0.8982, 0.9802, 0.9647, 0.9760, 0.6158, 0.6533, 0.7963, 0.8592, 0.8367, 0.9566, 0.8358, 0.7541, 0.8333, 0.8050, 0.9548, 0.9347, 0.8454, 0.4336, 0.9496, 0.8542, 0.8891, 0.8186, 0.5906, 0.8073, 0.7704, 0.7484, 0.7821, 0.7895, 0.9676, 0.9801, 0.9893, 0.9824, 0.9800, 0.9394, 0.8939, 0.6428, 0.8216, 1.0000, 0.8267, 


Starting Model::run iteration 7

State number 6
Position 00: [VUI  4  0  3  1  2 ]
Position 01: [VUI  1  0  4  3  2 ]
Position 02: [VUI  4  0  3  1  2 ]
Position 03: [VUI  1  0  4  3  2 ]
Position 04: [VUI  0  3  1  4  2 ]
Position 05: [VUI  0  3  4  1  2 ]
Position 06: [VUI  4  0  3  1  2 ]
Position 07: [VUI  1  0  4  3  2 ]
Position 08: [VUI  1  0  4  3  2 ]
Position 09: [VUI  1  0  4  3  2 ]
Position 10: [VUI  0  1  4  3  2 ]
Position 11: [VUI  1  0  4  3  2 ]
Position 12: [VUI  1  0  4  3  2 ]
Position 13: [VUI  1  0  4  3  2 ]
Position 14: [VUI  1  0  4  3  2 ]
Position 15: [VUI  0  3  1  4  2 ]
Position 16: [VUI  4  0  3  1  2 ]
Position 17: [VUI  4  0  3  1  2 ]
Position 18: [VUI  0  3  4  1  2 ]
Position 19: [VUI  4  0  3  1  2 ]
Position 20: [VUI  1  0  4  3  2 ]
Position 21: [VUI  1  0  4  3  2 ]
Position 22: [VUI  1  0  4  3  2 ]
Position 23: [VUI  0  3  4  1  2 ]
Position 24: [VUI  1  0  4  3  2 ]
Position 25: [VUI  1  0  4  3  2 ]
Position 26: [VUI  0  3  4  1  2 ]
Position 27: [VUI  1  0  4  3  2 ]
Position 28: [VUI  1  0  4  3  2 ]
Position 29: [VUI  1  0  4  3  2 ]
Position 30: [VUI  1  0  4  3  2 ]
Position 31: [VUI  1  0  4  3  2 ]
Position 32: [VUI  4  0  3  1  2 ]
Position 33: [VUI  0  3  4  1  2 ]
Position 34: [VUI  0  3  4  1  2 ]
Position 35: [VUI  0  3  4  1  2 ]
Position 36: [VUI  0  3  4  1  2 ]
Position 37: [VUI  4  0  1  3  2 ]
Position 38: [VUI  1  0  4  3  2 ]
Position 39: [VUI  1  0  4  3  2 ]
Position 40: [VUI  1  0  4  3  2 ]
Position 41: [VUI  4  0  3  1  2 ]
Position 42: [VUI  4  0  3  1  2 ]
Position 43: [VUI  0  1  3  4  2 ]
Position 44: [VUI  1  0  4  3  2 ]
Position 45: [VUI  4  0  3  1  2 ]
Position 46: [VUI  0  4  3  1  2 ]
Position 47: [VUI  1  0  4  3  2 ]
Number of aUtils: 48
There are 8 unique positions 
   0:  0.0380 
   1:  0.0011 
   4:  0.1043 
   5:  0.1761 
  10:  0.1978 
  37:  0.0265 
  43:  0.0956 
  46:  0.3607 

Actor expected utilities: 0.9444, 0.9354, 0.9065, 0.5858, 0.9686, 0.9147, 0.8379, 0.7267, 0.9035, 0.9108, 0.9810, 0.9721, 0.9812, 0.6253, 0.6587, 0.8033, 0.8435, 0.8179, 0.9619, 0.8127, 0.7633, 0.8472, 0.8183, 0.9623, 0.9466, 0.8514, 0.4386, 0.9586, 0.8631, 0.8993, 0.8171, 0.5979, 0.7878, 0.7646, 0.7393, 0.7747, 0.7786, 0.9635, 0.9843, 0.9878, 0.9862, 0.9737, 0.9275, 0.8957, 0.6531, 0.8060, 1.0000, 0.8296, 


Starting Model::run iteration 8

State number 7
Position 00: [VUI  0  4  1  3  2 ]
Position 01: [VUI  1  0  3  4  2 ]
Position 02: [VUI  4  1  0  3  2 ]
Position 03: [VUI  1  0  3  4  2 ]
Position 04: [VUI  1  0  3  4  2 ]
Position 05: [VUI  0  3  4  1  2 ]
Position 06: [VUI  4  1  0  3  2 ]
Position 07: [VUI  1  0  3  4  2 ]
Position 08: [VUI  1  0  3  4  2 ]
Position 09: [VUI  1  0  3  4  2 ]
Position 10: [VUI  0  1  4  3  2 ]
Position 11: [VUI  1  0  3  4  2 ]
Position 12: [VUI  1  0  3  4  2 ]
Position 13: [VUI  1  0  3  4  2 ]
Position 14: [VUI  1  0  3  4  2 ]
Position 15: [VUI  1  0  3  4  2 ]
Position 16: [VUI  0  4  1  3  2 ]
Position 17: [VUI  0  4  1  3  2 ]
Position 18: [VUI  1  0  3  4  2 ]
Position 19: [VUI  0  4  1  3  2 ]
Position 20: [VUI  1  0  3  4  2 ]
Position 21: [VUI  1  0  3  4  2 ]
Position 22: [VUI  1  0  3  4  2 ]
Position 23: [VUI  1  0  3  4  2 ]
Position 24: [VUI  1  0  3  4  2 ]
Position 25: [VUI  1  0  3  4  2 ]
Position 26: [VUI  1  3  0  4  2 ]
Position 27: [VUI  1  0  3  4  2 ]
Position 28: [VUI  0  4  1  3  2 ]
Position 29: [VUI  0  4  1  3  2 ]
Position 30: [VUI  0  4  1  3  2 ]
Position 31: [VUI  1  0  3  4  2 ]
Position 32: [VUI  0  4  1  3  2 ]
Position 33: [VUI  3  0  4  1  2 ]
Position 34: [VUI  3  0  4  1  2 ]
Position 35: [VUI  3  0  4  1  2 ]
Position 36: [VUI  3  0  4  1  2 ]
Position 37: [VUI  0  4  1  3  2 ]
Position 38: [VUI  1  0  3  4  2 ]
Position 39: [VUI  0  4  1  3  2 ]
Position 40: [VUI  1  0  3  4  2 ]
Position 41: [VUI  0  4  1  3  2 ]
Position 42: [VUI  0  4  1  3  2 ]
Position 43: [VUI  0  4  1  3  2 ]
Position 44: [VUI  1  0  3  4  2 ]
Position 45: [VUI  4  1  0  3  2 ]
Position 46: [VUI  0  4  3  1  2 ]
Position 47: [VUI  0  4  1  3  2 ]
Number of aUtils: 48
There are 8 unique positions 
   0:  0.2883 
   1:  0.0026 
   2:  0.0032 
   5:  0.1950 
  10:  0.1595 
  26:  0.0001 
  33:  0.0120 
  46:  0.3393 

Actor expected utilities: 0.9839, 0.9111, 0.9332, 0.5721, 0.9574, 0.9017, 0.8507, 0.7128, 0.8934, 0.8850, 0.9800, 0.9581, 0.9734, 0.6121, 0.6499, 0.7873, 0.8822, 0.8680, 0.9468, 0.8630, 0.7477, 0.8177, 0.7965, 0.9418, 0.9259, 0.8419, 0.4150, 0.9401, 0.8568, 0.8912, 0.8227, 0.5855, 0.8313, 0.7627, 0.7417, 0.7781, 0.7864, 0.9794, 0.9770, 0.9976, 0.9805, 0.9928, 0.9654, 0.8978, 0.6355, 0.8343, 1.0000, 0.8258, 


Starting Model::run iteration 9

State number 8
Position 00: [VUI  4  0  1  3  2 ]
Position 01: [VUI  0  1  3  4  2 ]
Position 02: [VUI  4  0  3  1  2 ]
Position 03: [VUI  0  1  3  4  2 ]
Position 04: [VUI  0  1  3  4  2 ]
Position 05: [VUI  0  3  4  1  2 ]
Position 06: [VUI  4  0  3  1  2 ]
Position 07: [VUI  0  1  3  4  2 ]
Position 08: [VUI  0  1  3  4  2 ]
Position 09: [VUI  0  1  3  4  2 ]
Position 10: [VUI  0  1  4  3  2 ]
Position 11: [VUI  0  1  3  4  2 ]
Position 12: [VUI  0  1  3  4  2 ]
Position 13: [VUI  0  1  3  4  2 ]
Position 14: [VUI  0  1  3  4  2 ]
Position 15: [VUI  0  1  3  4  2 ]
Position 16: [VUI  4  0  1  3  2 ]
Position 17: [VUI  4  0  1  3  2 ]
Position 18: [VUI  0  3  1  4  2 ]
Position 19: [VUI  4  0  3  1  2 ]
Position 20: [VUI  0  1  3  4  2 ]
Position 21: [VUI  0  1  3  4  2 ]
Position 22: [VUI  0  1  3  4  2 ]
Position 23: [VUI  0  3  1  4  2 ]
Position 24: [VUI  0  1  3  4  2 ]
Position 25: [VUI  0  1  3  4  2 ]
Position 26: [VUI  0  3  1  4  2 ]
Position 27: [VUI  0  1  3  4  2 ]
Position 28: [VUI  0  1  3  4  2 ]
Position 29: [VUI  0  1  3  4  2 ]
Position 30: [VUI  1  0  4  3  2 ]
Position 31: [VUI  0  1  3  4  2 ]
Position 32: [VUI  4  0  3  1  2 ]
Position 33: [VUI  4  0  3  1  2 ]
Position 34: [VUI  4  0  3  1  2 ]
Position 35: [VUI  4  0  3  1  2 ]
Position 36: [VUI  4  0  3  1  2 ]
Position 37: [VUI  4  0  1  3  2 ]
Position 38: [VUI  0  1  3  4  2 ]
Position 39: [VUI  1  0  4  3  2 ]
Position 40: [VUI  0  1  3  4  2 ]
Position 41: [VUI  4  0  1  3  2 ]
Position 42: [VUI  4  0  1  3  2 ]
Position 43: [VUI  0  1  3  4  2 ]
Position 44: [VUI  0  1  3  4  2 ]
Position 45: [VUI  4  0  3  1  2 ]
Position 46: [VUI  0  4  3  1  2 ]
Position 47: [VUI  0  1  3  4  2 ]
Number of aUtils: 48
There are 8 unique positions 
   0:  0.0265 
   1:  0.0956 
   2:  0.0380 
   5:  0.1761 
  10:  0.1978 
  18:  0.1043 
  30:  0.0011 
  46:  0.3607 

Actor expected utilities: 0.9786, 0.9032, 0.9568, 0.5494, 0.9571, 0.9222, 0.8751, 0.6877, 0.8672, 0.8732, 0.9775, 0.9478, 0.9596, 0.5839, 0.6377, 0.7857, 0.8767, 0.8496, 0.9550, 0.8753, 0.7290, 0.8080, 0.7671, 0.9503, 0.9031, 0.8277, 0.4525, 0.9321, 0.8116, 0.8423, 0.8165, 0.5706, 0.8384, 0.8109, 0.8002, 0.8217, 0.8411, 0.9600, 0.9690, 0.9778, 0.9704, 0.9795, 0.9345, 0.8784, 0.6149, 0.8601, 1.0000, 0.8169, 


Starting Model::run iteration 10

State number 9
Position 00: [VUI  0  4  1  3  2 ]
Position 01: [VUI  1  0  3  4  2 ]
Position 02: [VUI  4  1  0  3  2 ]
Position 03: [VUI  1  0  3  4  2 ]
Position 04: [VUI  1  0  3  4  2 ]
Position 05: [VUI  0  3  4  1  2 ]
Position 06: [VUI  4  1  0  3  2 ]
Position 07: [VUI  1  0  3  4  2 ]
Position 08: [VUI  1  0  3  4  2 ]
Position 09: [VUI  1  0  3  4  2 ]
Position 10: [VUI  0  1  4  3  2 ]
Position 11: [VUI  1  0  3  4  2 ]
Position 12: [VUI  1  0  3  4  2 ]
Position 13: [VUI  1  0  3  4  2 ]
Position 14: [VUI  1  0  3  4  2 ]
Position 15: [VUI  1  0  3  4  2 ]
Position 16: [VUI  0  4  1  3  2 ]
Position 17: [VUI  0  4  1  3  2 ]
Position 18: [VUI  1  0  3  4  2 ]
Position 19: [VUI  0  4  1  3  2 ]
Position 20: [VUI  1  0  3  4  2 ]
Position 21: [VUI  1  0  3  4  2 ]
Position 22: [VUI  1  0  3  4  2 ]
Position 23: [VUI  1  0  3  4  2 ]
Position 24: [VUI  1  0  3  4  2 ]
Position 25: [VUI  1  0  3  4  2 ]
Position 26: [VUI  3  0  1  4  2 ]
Position 27: [VUI  1  0  3  4  2 ]
Position 28: [VUI  0  4  1  3  2 ]
Position 29: [VUI  0  4  1  3  2 ]
Position 30: [VUI  0  4  1  3  2 ]
Position 31: [VUI  1  0  3  4  2 ]
Position 32: [VUI  0  4  1  3  2 ]
Position 33: [VUI  3  0  4  1  2 ]
Position 34: [VUI  3  0  4  1  2 ]
Position 35: [VUI  3  0  4  1  2 ]
Position 36: [VUI  3  0  4  1  2 ]
Position 37: [VUI  0  4  1  3  2 ]
Position 38: [VUI  1  0  3  4  2 ]
Position 39: [VUI  0  4  1  3  2 ]
Position 40: [VUI  1  0  3  4  2 ]
Position 41: [VUI  0  4  1  3  2 ]
Position 42: [VUI  0  4  1  3  2 ]
Position 43: [VUI  0  4  1  3  2 ]
Position 44: [VUI  1  0  3  4  2 ]
Position 45: [VUI  4  1  0  3  2 ]
Position 46: [VUI  0  4  3  1  2 ]
Position 47: [VUI  0  4  1  3  2 ]
Number of aUtils: 48
There are 8 unique positions 
   0:  0.2797 
   1:  0.0020 
   2:  0.0029 
   5:  0.2048 
  10:  0.1490 
  26:  0.0034 
  33:  0.0110 
  46:  0.3474 

Actor expected utilities: 0.9840, 0.9110, 0.9333, 0.5720, 0.9574, 0.9017, 0.8508, 0.7126, 0.8933, 0.8849, 0.9800, 0.9581, 0.9733, 0.6120, 0.6499, 0.7872, 0.8822, 0.8681, 0.9468, 0.8631, 0.7476, 0.8176, 0.7963, 0.9418, 0.9258, 0.8418, 0.4151, 0.9400, 0.8566, 0.8910, 0.8226, 0.5854, 0.8314, 0.7629, 0.7420, 0.7783, 0.7867, 0.9794, 0.9770, 0.9976, 0.9805, 0.9928, 0.9653, 0.8977, 0.6354, 0.8344, 1.0000, 0.8257, 


State number 10 matched state number 8 
  Finish time: Fri Jul  1 10:47:02 2016

  Elapsed time: 19.1520 seconds 
