  Software version: rpdemo 0.2
  Start time: Fri Jul  1 10:47:02 2016

Using PRNG seed:  15455440707583219804 
Same seed in hex:   0xD67CC16FE69C185C 
Generating default name from UTC start time
Scenario assigned name: -|Scenario-UTC-2016-07-01-0747-02|-
Name of scenario: ReformPriorities_top4_s3
Found 5 categories 
Found 5 items 
pDecline factor: 0.850 
obFactor: 0.100 
Found 48 actors 
done reading XML
There are 48 actors and 5 reform items 
Computing positions ... 
For 5 reform items there are 120 positions
Computing utilities of positions ... 
Effective gov costs:
50.000 35.000 10.000 40.000 25.000 

Complete (normalized) utility matrix of all possible positions (rows) versus actors (columns)
  0  [VUI  0  1  2  3  4 ]  0.6269, 1.0000, 0.3191, 0.9807, 0.6163, 0.2746, 0.1186, 0.9989, 0.9999, 1.0000, 0.5120, 1.0000, 0.9331, 0.9881, 0.9759, 0.9939, 0.1420, 0.4088, 0.9530, 0.1595, 1.0000, 1.0000, 0.9871, 0.9561, 1.0000, 1.0000, 0.8027, 1.0000, 0.9973, 0.9293, 0.9631, 0.9750, 0.1156, 0.1639, 0.1811, 0.1430, 0.2072, 0.7164, 1.0000, 0.9974, 1.0000, 0.6491, 0.6928, 0.6177, 0.9909, 0.0712, 1.0000, 0.9881, 
  1  [VUI  0  1  2  4  3 ]  0.6308, 0.9978, 0.3210, 0.9804, 0.6148, 0.2717, 0.1189, 0.9986, 1.0000, 0.9979, 0.5120, 0.9989, 0.9329, 0.9881, 0.9756, 0.9926, 0.1465, 0.4141, 0.9512, 0.1638, 0.9994, 0.9975, 0.9863, 0.9536, 0.9989, 0.9997, 0.8005, 0.9984, 0.9985, 0.9309, 0.9638, 0.9746, 0.1193, 0.1620, 0.1794, 0.1416, 0.2059, 0.7193, 0.9994, 1.0000, 0.9998, 0.6526, 0.6989, 0.6187, 0.9902, 0.0728, 1.0000, 0.9881, 
  2  [VUI  0  1  3  2  4 ]  0.3336, 0.6700, 0.0545, 0.5560, 0.1865, 0.0317, 0.0000, 0.6802, 0.6795, 0.6489, 0.0349, 0.6592, 0.4817, 0.6103, 0.6276, 0.6192, 0.0000, 0.0720, 0.5573, 0.0178, 0.7000, 0.6499, 0.5950, 0.6938, 0.7801, 0.7654, 0.3247, 0.7441, 0.7587, 0.7376, 0.6445, 0.6070, 0.0000, 0.0042, 0.0038, 0.0029, 0.0179, 0.2138, 0.6090, 0.6301, 0.6081, 0.2937, 0.3654, 0.1784, 0.5702, 0.0221, 0.8343, 0.6823, 
  3  [VUI  0  1  3  4  2 ]  0.3393, 0.6696, 0.0622, 0.5523, 0.1911, 0.0371, 0.0065, 0.6775, 0.6788, 0.6482, 0.0410, 0.6600, 0.4855, 0.6070, 0.6245, 0.6169, 0.0079, 0.0774, 0.5572, 0.0254, 0.6975, 0.6482, 0.5934, 0.6938, 0.7800, 0.7638, 0.3212, 0.7440, 0.7586, 0.7405, 0.6432, 0.6034, 0.0070, 0.0082, 0.0075, 0.0075, 0.0224, 0.2189, 0.6135, 0.6347, 0.6099, 0.3011, 0.3720, 0.1815, 0.5669, 0.0292, 0.8355, 0.6805, 
  4  [VUI  0  1  4  2  3 ]  0.3421, 0.6651, 0.0585, 0.5554, 0.1831, 0.0252, 0.0005, 0.6796, 0.6798, 0.6442, 0.0349, 0.6569, 0.4811, 0.6102, 0.6271, 0.6163, 0.0098, 0.0835, 0.5534, 0.0270, 0.6987, 0.6445, 0.5932, 0.6882, 0.7778, 0.7648, 0.3199, 0.7407, 0.7614, 0.7412, 0.6459, 0.6061, 0.0081, 0.0000, 0.0000, 0.0000, 0.0151, 0.2203, 0.6076, 0.6358, 0.6078, 0.3012, 0.3787, 0.1807, 0.5687, 0.0255, 0.8343, 0.6823, 
  5  [VUI  0  1  4  3  2 ]  0.3439, 0.6670, 0.0643, 0.5520, 0.1893, 0.0336, 0.0067, 0.6772, 0.6789, 0.6457, 0.0410, 0.6588, 0.4851, 0.6069, 0.6242, 0.6154, 0.0132, 0.0837, 0.5551, 0.0305, 0.6968, 0.6453, 0.5924, 0.6908, 0.7787, 0.7635, 0.3186, 0.7421, 0.7600, 0.7424, 0.6440, 0.6029, 0.0114, 0.0059, 0.0055, 0.0059, 0.0209, 0.2224, 0.6128, 0.6378, 0.6097, 0.3052, 0.3792, 0.1827, 0.5661, 0.0310, 0.8355, 0.6805, 
  6  [VUI  0  2  1  3  4 ]  0.6051, 0.9537, 0.2867, 1.0000, 0.5253, 0.1962, 0.0723, 1.0000, 0.9745, 0.9539, 0.4226, 0.9514, 0.8437, 1.0000, 1.0000, 1.0000, 0.0990, 0.3946, 0.9377, 0.1444, 0.9988, 0.9656, 0.9542, 0.9277, 0.9458, 0.9972, 0.8494, 0.9613, 0.9521, 0.8157, 0.9832, 1.0000, 0.0922, 0.1435, 0.1731, 0.1182, 0.1960, 0.6558, 0.9042, 0.9322, 0.9523, 0.5734, 0.6446, 0.5599, 1.0000, 0.0385, 0.9836, 1.0000, 
  7  [VUI  0  2  1  4  3 ]  0.6091, 0.9515, 0.2885, 0.9997, 0.5237, 0.1932, 0.0725, 0.9998, 0.9747, 0.9517, 0.4226, 0.9503, 0.8434, 0.9999, 0.9997, 0.9987, 0.1036, 0.3999, 0.9360, 0.1487, 0.9982, 0.9631, 0.9534, 0.9252, 0.9447, 0.9969, 0.8472, 0.9597, 0.9533, 0.8173, 0.9839, 0.9996, 0.0959, 0.1416, 0.1714, 0.1169, 0.1947, 0.6588, 0.9035, 0.9348, 0.9521, 0.5769, 0.6507, 0.5610, 0.9993, 0.0401, 0.9836, 1.0000, 
  8  [VUI  0  2  3  1  4 ]  0.6239, 0.8471, 0.5388, 0.8596, 0.4975, 0.3889, 0.2805, 0.8307, 0.7813, 0.8173, 0.3937, 0.8352, 0.6698, 0.8267, 0.9186, 0.9683, 0.1176, 0.3335, 0.9772, 0.3100, 0.8600, 0.8466, 0.7270, 0.9645, 0.7324, 0.8895, 0.9931, 0.8653, 0.6176, 0.3150, 0.9511, 0.9012, 0.2055, 0.4613, 0.5261, 0.4152, 0.5533, 0.4989, 0.7799, 0.7318, 0.8462, 0.4688, 0.4258, 0.4102, 0.8585, 0.2648, 0.9836, 0.9382, 
  9  [VUI  0  2  3  4  1 ]  0.6281, 0.8433, 0.5441, 0.8574, 0.4955, 0.3886, 0.2836, 0.8281, 0.7787, 0.8132, 0.3933, 0.8325, 0.6671, 0.8242, 0.9172, 0.9666, 0.1224, 0.3379, 0.9759, 0.3166, 0.8575, 0.8425, 0.7230, 0.9625, 0.7284, 0.8877, 0.9929, 0.8623, 0.6142, 0.3097, 0.9513, 0.8994, 0.2108, 0.4638, 0.5293, 0.4180, 0.5570, 0.4997, 0.7776, 0.7317, 0.8445, 0.4708, 0.4289, 0.4092, 0.8558, 0.2696, 0.9836, 0.9374, 
 10  [VUI  0  2  4  1  3 ]  0.9094, 0.6848, 0.6726, 0.8393, 0.3848, 0.1718, 0.2967, 0.8129, 0.7891, 0.6614, 0.3937, 0.7566, 0.6502, 0.8210, 0.8996, 0.8720, 0.4466, 0.7181, 0.8472, 0.6193, 0.8152, 0.6657, 0.6693, 0.7781, 0.6527, 0.8677, 0.8320, 0.7502, 0.7058, 0.4345, 1.0000, 0.8700, 0.4764, 0.3217, 0.3998, 0.3199, 0.4606, 0.7159, 0.7327, 0.9223, 0.8342, 0.7208, 0.8694, 0.4861, 0.8106, 0.3796, 0.9836, 0.9382, 
 11  [VUI  0  2  4  3  1 ]  0.9097, 0.6833, 0.6761, 0.8374, 0.3845, 0.1745, 0.2996, 0.8106, 0.7864, 0.6595, 0.3933, 0.7550, 0.6477, 0.8186, 0.8984, 0.8716, 0.4469, 0.7172, 0.8478, 0.6216, 0.8133, 0.6640, 0.6662, 0.7786, 0.6497, 0.8662, 0.8340, 0.7488, 0.7011, 0.4275, 0.9996, 0.8686, 0.4780, 0.3261, 0.4047, 0.3240, 0.4656, 0.7137, 0.7310, 0.9195, 0.8327, 0.7193, 0.8664, 0.4840, 0.8087, 0.3827, 0.9836, 0.9374, 
 12  [VUI  0  3  1  2  4 ]  0.3557, 0.5445, 0.3510, 0.3908, 0.1538, 0.2585, 0.2449, 0.4810, 0.4522, 0.4882, 0.0009, 0.5225, 0.2771, 0.4064, 0.5319, 0.5819, 0.0218, 0.0000, 0.6037, 0.2126, 0.5367, 0.5099, 0.3276, 0.7371, 0.5291, 0.6387, 0.4939, 0.6311, 0.3652, 0.1486, 0.6066, 0.4908, 0.1334, 0.3780, 0.4190, 0.3522, 0.4382, 0.0291, 0.4628, 0.3944, 0.4833, 0.1706, 0.1081, 0.0023, 0.4036, 0.2883, 0.8343, 0.6096, 
 13  [VUI  0  3  1  4  2 ]  0.3614, 0.5441, 0.3587, 0.3872, 0.1585, 0.2638, 0.2513, 0.4783, 0.4514, 0.4874, 0.0069, 0.5233, 0.2808, 0.4031, 0.5288, 0.5797, 0.0297, 0.0055, 0.6036, 0.2203, 0.5343, 0.5083, 0.3260, 0.7371, 0.5289, 0.6371, 0.4903, 0.6310, 0.3650, 0.1514, 0.6054, 0.4872, 0.1403, 0.3820, 0.4228, 0.3568, 0.4427, 0.0343, 0.4674, 0.3990, 0.4851, 0.1780, 0.1146, 0.0054, 0.4004, 0.2954, 0.8355, 0.6079, 
 14  [VUI  0  3  2  1  4 ]  0.6493, 0.8728, 0.6198, 0.8132, 0.5832, 0.5046, 0.3669, 0.7969, 0.7694, 0.8370, 0.4774, 0.8613, 0.7257, 0.7814, 0.8788, 0.9561, 0.1641, 0.3358, 1.0000, 0.3571, 0.8345, 0.8581, 0.7160, 1.0000, 0.7454, 0.8715, 0.9742, 0.8855, 0.5983, 0.3320, 0.9247, 0.8572, 0.2508, 0.5430, 0.6022, 0.4971, 0.6334, 0.5292, 0.8518, 0.7584, 0.8735, 0.5243, 0.4319, 0.4391, 0.8221, 0.3412, 1.0000, 0.9144, 
 15  [VUI  0  3  2  4  1 ]  0.6534, 0.8690, 0.6251, 0.8110, 0.5813, 0.5043, 0.3700, 0.7943, 0.7668, 0.8330, 0.4770, 0.8586, 0.7230, 0.7789, 0.8774, 0.9544, 0.1689, 0.3403, 0.9988, 0.3636, 0.8319, 0.8539, 0.7120, 0.9979, 0.7413, 0.8697, 0.9740, 0.8825, 0.5948, 0.3267, 0.9249, 0.8554, 0.2561, 0.5455, 0.6054, 0.5000, 0.6371, 0.5300, 0.8494, 0.7582, 0.8718, 0.5263, 0.4349, 0.4380, 0.8194, 0.3459, 1.0000, 0.9135, 
 16  [VUI  0  3  4  1  2 ]  0.3663, 0.5397, 0.3650, 0.3846, 0.1562, 0.2635, 0.2550, 0.4752, 0.4484, 0.4827, 0.0065, 0.5201, 0.2777, 0.4002, 0.5271, 0.5776, 0.0353, 0.0107, 0.6021, 0.2280, 0.5313, 0.5034, 0.3213, 0.7347, 0.5241, 0.6350, 0.4900, 0.6276, 0.3610, 0.1452, 0.6057, 0.4851, 0.1466, 0.3850, 0.4266, 0.3601, 0.4471, 0.0352, 0.4646, 0.3988, 0.4832, 0.1804, 0.1182, 0.0042, 0.3973, 0.3010, 0.8355, 0.6068, 
 17  [VUI  0  3  4  2  1 ]  0.3648, 0.5364, 0.3627, 0.3860, 0.1496, 0.2578, 0.2517, 0.4753, 0.4465, 0.4794, 0.0000, 0.5166, 0.2712, 0.4010, 0.5289, 0.5781, 0.0322, 0.0096, 0.6010, 0.2269, 0.5312, 0.5009, 0.3190, 0.7326, 0.5202, 0.6348, 0.4934, 0.6248, 0.3577, 0.1370, 0.6071, 0.4869, 0.1449, 0.3835, 0.4260, 0.3583, 0.4463, 0.0309, 0.4576, 0.3941, 0.4797, 0.1749, 0.1147, 0.0000, 0.3979, 0.2986, 0.8343, 0.6077, 
 18  [VUI  0  4  1  2  3 ]  0.6955, 0.3514, 0.5103, 0.3666, 0.0197, 0.0000, 0.2642, 0.4598, 0.4615, 0.3027, 0.0009, 0.4289, 0.2537, 0.3997, 0.5092, 0.4673, 0.4134, 0.4578, 0.4490, 0.5808, 0.4834, 0.2946, 0.2590, 0.5152, 0.4342, 0.6127, 0.3021, 0.4942, 0.4702, 0.2907, 0.6649, 0.4536, 0.4558, 0.2119, 0.2687, 0.2387, 0.3279, 0.2874, 0.4066, 0.6211, 0.4691, 0.4704, 0.6361, 0.0926, 0.3467, 0.4249, 0.8343, 0.6096, 
 19  [VUI  0  4  1  3  2 ]  0.6973, 0.3532, 0.5162, 0.3633, 0.0259, 0.0084, 0.2704, 0.4574, 0.4606, 0.3041, 0.0069, 0.4308, 0.2578, 0.3964, 0.5064, 0.4664, 0.4168, 0.4580, 0.4507, 0.5842, 0.4816, 0.2954, 0.2582, 0.5177, 0.4351, 0.6114, 0.3008, 0.4957, 0.4688, 0.2920, 0.6629, 0.4504, 0.4591, 0.2178, 0.2742, 0.2447, 0.3337, 0.2896, 0.4118, 0.6230, 0.4710, 0.4744, 0.6365, 0.0947, 0.3441, 0.4304, 0.8355, 0.6079, 
 20  [VUI  0  4  2  1  3 ]  0.9891, 0.6797, 0.7791, 0.7890, 0.4491, 0.2461, 0.3862, 0.7758, 0.7787, 0.6515, 0.4774, 0.7678, 0.7024, 0.7746, 0.8561, 0.8415, 0.5557, 0.7936, 0.8453, 0.7252, 0.7812, 0.6427, 0.6474, 0.7781, 0.6505, 0.8455, 0.7824, 0.7485, 0.7032, 0.4742, 0.9829, 0.8200, 0.5733, 0.3768, 0.4518, 0.3837, 0.5231, 0.7874, 0.7956, 0.9851, 0.8592, 0.8242, 0.9598, 0.5294, 0.7651, 0.4778, 1.0000, 0.9144, 
 21  [VUI  0  4  2  3  1 ]  0.9894, 0.6782, 0.7826, 0.7871, 0.4487, 0.2488, 0.3891, 0.7734, 0.7760, 0.6496, 0.4770, 0.7662, 0.6999, 0.7722, 0.8550, 0.8411, 0.5560, 0.7928, 0.8459, 0.7275, 0.7792, 0.6410, 0.6443, 0.7786, 0.6476, 0.8440, 0.7844, 0.7472, 0.6986, 0.4672, 0.9825, 0.8186, 0.5748, 0.3813, 0.4567, 0.3878, 0.5281, 0.7852, 0.7939, 0.9823, 0.8577, 0.8227, 0.9568, 0.5273, 0.7632, 0.4809, 1.0000, 0.9135, 
 22  [VUI  0  4  3  1  2 ]  0.6976, 0.3515, 0.5203, 0.3610, 0.0255, 0.0115, 0.2739, 0.4546, 0.4575, 0.3019, 0.0065, 0.4289, 0.2549, 0.3936, 0.5050, 0.4659, 0.4171, 0.4570, 0.4513, 0.5869, 0.4793, 0.2934, 0.2545, 0.5183, 0.4316, 0.6097, 0.3031, 0.4941, 0.4633, 0.2838, 0.6624, 0.4488, 0.4609, 0.2230, 0.2800, 0.2495, 0.3396, 0.2870, 0.4098, 0.6197, 0.4693, 0.4727, 0.6329, 0.0922, 0.3418, 0.4341, 0.8355, 0.6068, 
 23  [VUI  0  4  3  2  1 ]  0.6961, 0.3482, 0.5180, 0.3624, 0.0189, 0.0058, 0.2705, 0.4547, 0.4556, 0.2985, 0.0000, 0.4254, 0.2485, 0.3944, 0.5068, 0.4663, 0.4140, 0.4559, 0.4502, 0.5858, 0.4792, 0.2909, 0.2521, 0.5163, 0.4277, 0.6095, 0.3065, 0.4913, 0.4600, 0.2756, 0.6639, 0.4506, 0.4592, 0.2215, 0.2794, 0.2477, 0.3388, 0.2826, 0.4028, 0.6150, 0.4659, 0.4673, 0.6294, 0.0881, 0.3424, 0.4318, 0.8343, 0.6077, 
 24  [VUI  1  0  2  3  4 ]  0.5694, 0.9738, 0.2646, 0.9549, 0.6289, 0.2844, 0.1295, 0.9644, 0.9701, 0.9884, 0.5251, 0.9604, 0.9331, 0.9640, 0.9134, 0.9292, 0.1609, 0.4282, 0.8836, 0.1417, 0.9556, 0.9865, 1.0000, 0.8782, 0.9822, 0.9267, 0.7546, 0.9465, 0.9988, 0.9984, 0.8664, 0.9260, 0.1285, 0.1736, 0.1811, 0.1526, 0.1921, 0.7228, 0.9648, 0.9434, 0.9492, 0.6254, 0.6833, 0.6686, 0.9695, 0.0712, 0.8651, 0.9040, 
 25  [VUI  1  0  2  4  3 ]  0.5733, 0.9716, 0.2665, 0.9546, 0.6274, 0.2814, 0.1298, 0.9642, 0.9702, 0.9862, 0.5251, 0.9594, 0.9329, 0.9640, 0.9131, 0.9279, 0.1654, 0.4335, 0.8818, 0.1460, 0.9550, 0.9840, 0.9992, 0.8757, 0.9811, 0.9264, 0.7524, 0.9449, 1.0000, 1.0000, 0.8671, 0.9256, 0.1322, 0.1716, 0.1794, 0.1513, 0.1908, 0.7258, 0.9641, 0.9460, 0.9490, 0.6288, 0.6894, 0.6696, 0.9688, 0.0728, 0.8651, 0.9040, 
 26  [VUI  1  0  3  2  4 ]  0.2761, 0.6437, 0.0000, 0.5302, 0.1991, 0.0414, 0.0109, 0.6457, 0.6497, 0.6373, 0.0481, 0.6197, 0.4817, 0.5862, 0.5651, 0.5545, 0.0189, 0.0914, 0.4880, 0.0000, 0.6556, 0.6364, 0.6079, 0.6159, 0.7623, 0.6921, 0.2767, 0.6906, 0.7603, 0.8067, 0.5478, 0.5580, 0.0129, 0.0138, 0.0038, 0.0125, 0.0028, 0.2202, 0.5737, 0.5762, 0.5573, 0.2699, 0.3560, 0.2293, 0.5487, 0.0221, 0.6994, 0.5982, 
 27  [VUI  1  0  3  4  2 ]  0.2818, 0.6434, 0.0077, 0.5266, 0.2037, 0.0468, 0.0174, 0.6430, 0.6490, 0.6366, 0.0541, 0.6205, 0.4855, 0.5829, 0.5620, 0.5523, 0.0268, 0.0969, 0.4878, 0.0077, 0.6532, 0.6347, 0.6063, 0.6159, 0.7621, 0.6905, 0.2731, 0.6905, 0.7601, 0.8095, 0.5465, 0.5544, 0.0199, 0.0178, 0.0075, 0.0172, 0.0073, 0.2254, 0.5783, 0.5807, 0.5591, 0.2774, 0.3625, 0.2325, 0.5455, 0.0292, 0.7006, 0.5964, 
 28  [VUI  1  0  4  2  3 ]  0.2846, 0.6389, 0.0040, 0.5296, 0.1957, 0.0349, 0.0114, 0.6452, 0.6499, 0.6326, 0.0481, 0.6173, 0.4811, 0.5861, 0.5646, 0.5516, 0.0288, 0.1029, 0.4841, 0.0093, 0.6543, 0.6310, 0.6061, 0.6104, 0.7599, 0.6915, 0.2719, 0.6872, 0.7629, 0.8102, 0.5492, 0.5570, 0.0210, 0.0096, 0.0000, 0.0097, 0.0000, 0.2267, 0.5723, 0.5819, 0.5569, 0.2774, 0.3693, 0.2316, 0.5473, 0.0255, 0.6994, 0.5982, 
 29  [VUI  1  0  4  3  2 ]  0.2864, 0.6407, 0.0099, 0.5262, 0.2019, 0.0433, 0.0176, 0.6427, 0.6491, 0.6340, 0.0541, 0.6192, 0.4851, 0.5828, 0.5617, 0.5507, 0.0321, 0.1031, 0.4857, 0.0127, 0.6524, 0.6318, 0.6053, 0.6129, 0.7608, 0.6902, 0.2705, 0.6887, 0.7615, 0.8115, 0.5473, 0.5539, 0.0242, 0.0155, 0.0055, 0.0156, 0.0058, 0.2289, 0.5775, 0.5838, 0.5589, 0.2815, 0.3697, 0.2337, 0.5447, 0.0310, 0.7006, 0.5964, 
 30  [VUI  1  2  0  3  4 ]  0.4988, 0.9052, 0.1859, 0.9523, 0.5486, 0.2141, 0.0925, 0.9363, 0.9194, 0.9324, 0.4469, 0.8782, 0.8437, 0.9554, 0.8844, 0.8804, 0.1341, 0.4306, 0.8095, 0.1115, 0.9167, 0.9406, 0.9781, 0.7836, 0.9128, 0.8616, 0.7604, 0.8623, 0.9549, 0.9434, 0.8043, 0.9093, 0.1160, 0.1613, 0.1731, 0.1362, 0.1681, 0.6678, 0.8390, 0.8323, 0.8582, 0.5295, 0.6271, 0.6542, 0.9604, 0.0385, 0.7341, 0.8444, 
 31  [VUI  1  2  0  4  3 ]  0.5027, 0.9030, 0.1878, 0.9520, 0.5470, 0.2112, 0.0927, 0.9360, 0.9195, 0.9302, 0.4469, 0.8772, 0.8434, 0.9553, 0.8841, 0.8791, 0.1386, 0.4359, 0.8077, 0.1157, 0.9161, 0.9381, 0.9773, 0.7811, 0.9117, 0.8613, 0.7582, 0.8608, 0.9561, 0.9451, 0.8050, 0.9089, 0.1197, 0.1594, 0.1714, 0.1349, 0.1668, 0.6708, 0.8383, 0.8349, 0.8581, 0.5330, 0.6332, 0.6552, 0.9597, 0.0401, 0.7341, 0.8444, 
 32  [VUI  1  2  3  0  4 ]  0.2641, 0.6830, 0.1979, 0.6983, 0.5764, 0.4497, 0.3487, 0.6152, 0.5947, 0.7445, 0.4759, 0.5876, 0.6698, 0.6759, 0.5275, 0.5638, 0.2361, 0.4551, 0.5433, 0.1986, 0.5824, 0.7621, 0.8076, 0.4771, 0.6208, 0.4308, 0.6923, 0.5306, 0.6271, 0.7471, 0.3460, 0.5945, 0.2860, 0.5215, 0.5261, 0.4758, 0.4589, 0.5394, 0.5595, 0.3941, 0.5282, 0.3203, 0.3667, 0.7290, 0.7245, 0.2648, 0.1396, 0.4120, 
 33  [VUI  1  2  3  4  0 ]  0.2648, 0.6777, 0.2000, 0.6945, 0.5752, 0.4500, 0.3525, 0.6105, 0.5903, 0.7398, 0.4763, 0.5825, 0.6671, 0.6719, 0.5223, 0.5580, 0.2420, 0.4607, 0.5378, 0.2041, 0.5771, 0.7572, 0.8045, 0.4703, 0.6156, 0.4245, 0.6892, 0.5244, 0.6238, 0.7460, 0.3403, 0.5897, 0.2921, 0.5246, 0.5293, 0.4792, 0.4617, 0.5406, 0.5549, 0.3906, 0.5234, 0.3208, 0.3692, 0.7311, 0.7206, 0.2696, 0.1313, 0.4060, 
 34  [VUI  1  2  4  0  3 ]  0.5496, 0.5208, 0.3318, 0.6780, 0.4637, 0.2326, 0.3649, 0.5974, 0.6025, 0.5887, 0.4759, 0.5091, 0.6502, 0.6702, 0.5085, 0.4675, 0.5651, 0.8397, 0.4133, 0.5079, 0.5376, 0.5812, 0.7500, 0.2907, 0.5411, 0.4090, 0.5312, 0.4155, 0.7153, 0.8665, 0.3949, 0.5632, 0.5569, 0.3818, 0.3998, 0.3805, 0.3662, 0.7564, 0.5122, 0.5845, 0.5162, 0.5722, 0.8103, 0.8049, 0.6767, 0.3796, 0.1396, 0.4120, 
 35  [VUI  1  2  4  3  0 ]  0.5463, 0.5177, 0.3320, 0.6744, 0.4641, 0.2359, 0.3685, 0.5929, 0.5980, 0.5860, 0.4763, 0.5050, 0.6477, 0.6663, 0.5035, 0.4631, 0.5665, 0.8400, 0.4096, 0.5091, 0.5329, 0.5787, 0.7476, 0.2864, 0.5370, 0.4030, 0.5303, 0.4109, 0.7107, 0.8638, 0.3885, 0.5589, 0.5593, 0.3868, 0.4047, 0.3852, 0.3703, 0.7546, 0.5083, 0.5784, 0.5116, 0.5693, 0.8066, 0.8060, 0.6734, 0.3827, 0.1313, 0.4060, 
 36  [VUI  1  3  0  2  4 ]  0.0000, 0.3823, 0.0141, 0.2314, 0.2318, 0.3186, 0.3123, 0.2679, 0.2677, 0.4163, 0.0821, 0.2778, 0.2771, 0.2574, 0.1453, 0.1820, 0.1389, 0.1202, 0.1748, 0.1025, 0.2623, 0.4264, 0.4073, 0.2553, 0.4187, 0.1853, 0.1966, 0.3004, 0.3746, 0.5757, 0.0085, 0.1876, 0.2129, 0.4375, 0.4190, 0.4121, 0.3449, 0.0692, 0.2449, 0.0606, 0.1690, 0.0237, 0.0496, 0.3174, 0.2712, 0.2883, 0.0000, 0.0894, 
 37  [VUI  1  3  0  4  2 ]  0.0058, 0.3819, 0.0218, 0.2277, 0.2364, 0.3239, 0.3188, 0.2653, 0.2670, 0.4155, 0.0882, 0.2786, 0.2808, 0.2540, 0.1422, 0.1798, 0.1468, 0.1257, 0.1747, 0.1102, 0.2598, 0.4248, 0.4057, 0.2553, 0.4186, 0.1837, 0.1930, 0.3003, 0.3744, 0.5785, 0.0073, 0.1840, 0.2199, 0.4415, 0.4228, 0.4167, 0.3494, 0.0743, 0.2494, 0.0651, 0.1708, 0.0312, 0.0562, 0.3205, 0.2679, 0.2954, 0.0012, 0.0877, 
 38  [VUI  1  3  2  0  4 ]  0.2894, 0.7087, 0.2790, 0.6519, 0.6621, 0.5654, 0.4351, 0.5814, 0.5828, 0.7643, 0.5596, 0.6138, 0.7257, 0.6306, 0.4877, 0.5516, 0.2826, 0.4574, 0.5661, 0.2457, 0.5568, 0.7736, 0.7967, 0.5126, 0.6338, 0.4128, 0.6734, 0.5508, 0.6078, 0.7641, 0.3196, 0.5505, 0.3313, 0.6032, 0.6022, 0.5578, 0.5391, 0.5697, 0.6313, 0.4206, 0.5555, 0.3758, 0.3727, 0.7579, 0.6881, 0.3412, 0.1559, 0.3882, 
 39  [VUI  1  3  2  4  0 ]  0.2901, 0.7034, 0.2810, 0.6481, 0.6609, 0.5657, 0.4389, 0.5767, 0.5784, 0.7595, 0.5600, 0.6087, 0.7230, 0.6266, 0.4825, 0.5458, 0.2885, 0.4631, 0.5606, 0.2512, 0.5515, 0.7686, 0.7935, 0.5058, 0.6286, 0.4065, 0.6702, 0.5446, 0.6044, 0.7630, 0.3139, 0.5457, 0.3374, 0.6063, 0.6054, 0.5612, 0.5418, 0.5709, 0.6268, 0.4171, 0.5507, 0.3763, 0.3752, 0.7600, 0.6842, 0.3459, 0.1477, 0.3821, 
 40  [VUI  1  3  4  0  2 ]  0.7082, 0.6817, 0.8388, 0.3876, 1.0000, 0.9563, 0.9059, 0.3860, 0.5279, 0.7123, 1.0000, 0.6727, 1.0000, 0.3868, 0.2592, 0.3911, 0.8560, 0.8545, 0.5561, 0.8024, 0.3777, 0.6530, 0.6814, 0.5126, 0.6224, 0.2963, 0.4125, 0.5420, 0.5942, 0.9732, 0.2299, 0.2876, 0.8403, 0.8932, 0.8759, 0.8935, 0.8676, 0.9458, 0.9620, 0.7507, 0.6869, 0.9194, 0.8480, 0.9856, 0.4489, 0.8575, 0.2421, 0.2629, 
 41  [VUI  1  3  4  2  0 ]  0.7031, 0.6767, 0.8331, 0.3874, 0.9942, 0.9512, 0.9032, 0.3840, 0.5243, 0.7083, 0.9944, 0.6668, 0.9935, 0.3862, 0.2571, 0.3875, 0.8541, 0.8546, 0.5507, 0.8003, 0.3749, 0.6497, 0.6799, 0.5058, 0.6174, 0.2916, 0.4129, 0.5359, 0.5910, 0.9692, 0.2255, 0.2864, 0.8394, 0.8923, 0.8753, 0.8923, 0.8659, 0.9418, 0.9529, 0.7427, 0.6804, 0.9125, 0.8439, 0.9845, 0.4483, 0.8551, 0.2326, 0.2586, 
 42  [VUI  1  4  0  2  3 ]  0.3398, 0.1892, 0.1735, 0.2072, 0.0977, 0.0601, 0.3316, 0.2468, 0.2771, 0.2308, 0.0821, 0.1842, 0.2537, 0.2506, 0.1227, 0.0674, 0.5305, 0.5780, 0.0201, 0.4707, 0.2090, 0.2111, 0.3387, 0.0334, 0.3238, 0.1593, 0.0048, 0.1634, 0.4796, 0.7178, 0.0668, 0.1504, 0.5353, 0.2713, 0.2687, 0.2987, 0.2346, 0.3274, 0.1887, 0.2872, 0.1548, 0.3236, 0.5776, 0.4077, 0.2143, 0.4249, 0.0000, 0.0894, 
 43  [VUI  1  4  0  3  2 ]  0.3417, 0.1911, 0.1793, 0.2038, 0.1039, 0.0685, 0.3379, 0.2444, 0.2762, 0.2322, 0.0882, 0.1861, 0.2578, 0.2473, 0.1198, 0.0665, 0.5339, 0.5782, 0.0218, 0.4741, 0.2071, 0.2119, 0.3379, 0.0359, 0.3248, 0.1580, 0.0034, 0.1649, 0.4782, 0.7191, 0.0649, 0.1472, 0.5386, 0.2772, 0.2742, 0.3046, 0.2404, 0.3296, 0.1939, 0.2892, 0.1567, 0.3276, 0.5780, 0.4098, 0.2117, 0.4304, 0.0012, 0.0877, 
 44  [VUI  1  4  2  0  3 ]  0.6293, 0.5156, 0.4383, 0.6277, 0.5280, 0.3069, 0.4544, 0.5603, 0.5921, 0.5788, 0.5596, 0.5203, 0.7024, 0.6238, 0.4650, 0.4369, 0.6742, 0.9152, 0.4114, 0.6138, 0.5035, 0.5582, 0.7281, 0.2907, 0.5389, 0.3868, 0.4816, 0.4139, 0.7127, 0.9063, 0.3779, 0.5132, 0.6537, 0.4370, 0.4518, 0.4444, 0.4287, 0.8279, 0.5751, 0.6473, 0.5413, 0.6756, 0.9007, 0.8482, 0.6312, 0.4778, 0.1559, 0.3882, 
 45  [VUI  1  4  2  3  0 ]  0.6260, 0.5125, 0.4385, 0.6242, 0.5284, 0.3102, 0.4580, 0.5558, 0.5876, 0.5762, 0.5600, 0.5162, 0.6999, 0.6199, 0.4601, 0.4325, 0.6756, 0.9156, 0.4077, 0.6150, 0.4989, 0.5558, 0.7257, 0.2864, 0.5348, 0.3808, 0.4807, 0.4092, 0.7081, 0.9036, 0.3715, 0.5089, 0.6561, 0.4420, 0.4567, 0.4491, 0.4328, 0.8261, 0.5712, 0.6412, 0.5367, 0.6727, 0.8970, 0.8493, 0.6279, 0.4809, 0.1477, 0.3821, 
 46  [VUI  1  4  3  0  2 ]  0.7625, 0.6508, 0.8642, 0.3837, 0.9786, 0.9150, 0.9090, 0.3827, 0.5294, 0.6827, 1.0000, 0.6578, 0.9963, 0.3857, 0.2556, 0.3727, 0.9186, 0.9276, 0.5314, 0.8613, 0.3692, 0.6186, 0.6705, 0.4771, 0.6072, 0.2922, 0.3819, 0.5201, 0.6110, 0.9959, 0.2393, 0.2817, 0.8918, 0.8666, 0.8518, 0.8754, 0.8500, 0.9871, 0.9530, 0.7869, 0.6847, 0.9674, 0.9324, 1.0000, 0.4398, 0.8793, 0.2421, 0.2629, 
 47  [VUI  1  4  3  2  0 ]  0.7574, 0.6459, 0.8586, 0.3836, 0.9728, 0.9099, 0.9063, 0.3806, 0.5257, 0.6786, 0.9944, 0.6518, 0.9898, 0.3851, 0.2535, 0.3692, 0.9166, 0.9278, 0.5260, 0.8591, 0.3664, 0.6152, 0.6689, 0.4703, 0.6022, 0.2875, 0.3823, 0.5140, 0.6078, 0.9919, 0.2348, 0.2805, 0.8909, 0.8657, 0.8513, 0.8742, 0.8483, 0.9831, 0.9439, 0.7789, 0.6781, 0.9604, 0.9283, 0.9990, 0.4392, 0.8770, 0.2326, 0.2586, 
 48  [VUI  2  0  1  3  4 ]  0.5221, 0.8730, 0.1941, 0.9970, 0.4307, 0.1136, 0.0287, 0.9669, 0.9149, 0.8880, 0.3306, 0.8547, 0.7385, 0.9899, 0.9659, 0.9425, 0.0675, 0.3974, 0.8505, 0.1088, 0.9530, 0.9116, 0.9284, 0.8165, 0.8643, 0.9207, 0.8562, 0.8622, 0.9005, 0.7511, 0.9103, 0.9804, 0.0775, 0.1291, 0.1637, 0.0989, 0.1677, 0.5911, 0.7562, 0.8015, 0.8453, 0.4607, 0.5784, 0.5429, 0.9893, 0.0000, 0.8295, 0.9299, 
 49  [VUI  2  0  1  4  3 ]  0.5260, 0.8708, 0.1960, 0.9967, 0.4292, 0.1106, 0.0289, 0.9666, 0.9150, 0.8859, 0.3306, 0.8536, 0.7382, 0.9898, 0.9656, 0.9412, 0.0720, 0.4027, 0.8487, 0.1131, 0.9524, 0.9091, 0.9277, 0.8139, 0.8632, 0.9204, 0.8540, 0.8607, 0.9017, 0.7527, 0.9109, 0.9800, 0.0812, 0.1272, 0.1620, 0.0975, 0.1664, 0.5941, 0.7555, 0.8041, 0.8451, 0.4641, 0.5845, 0.5440, 0.9886, 0.0016, 0.8295, 0.9299, 
 50  [VUI  2  0  3  1  4 ]  0.5409, 0.7664, 0.4462, 0.8566, 0.4030, 0.3063, 0.2369, 0.7976, 0.7217, 0.7514, 0.3017, 0.7385, 0.5645, 0.8165, 0.8845, 0.9109, 0.0860, 0.3362, 0.8899, 0.2744, 0.8142, 0.7926, 0.7012, 0.8533, 0.6509, 0.8130, 1.0000, 0.7662, 0.5660, 0.2504, 0.8781, 0.8816, 0.1908, 0.4469, 0.5167, 0.3958, 0.5250, 0.4342, 0.6319, 0.6011, 0.7392, 0.3561, 0.3597, 0.3932, 0.8478, 0.2263, 0.8295, 0.8681, 
 51  [VUI  2  0  3  4  1 ]  0.5450, 0.7627, 0.4515, 0.8544, 0.4010, 0.3060, 0.2400, 0.7950, 0.7191, 0.7473, 0.3013, 0.7358, 0.5618, 0.8140, 0.8831, 0.9091, 0.0908, 0.3407, 0.8887, 0.2810, 0.8116, 0.7885, 0.6972, 0.8512, 0.6468, 0.8112, 0.9998, 0.7633, 0.5626, 0.2451, 0.8783, 0.8798, 0.1961, 0.4494, 0.5198, 0.3986, 0.5287, 0.4350, 0.6296, 0.6010, 0.7375, 0.3581, 0.3627, 0.3922, 0.8451, 0.2310, 0.8295, 0.8673, 
 52  [VUI  2  0  4  1  3 ]  0.8264, 0.6042, 0.5800, 0.8363, 0.2903, 0.0892, 0.2531, 0.7798, 0.7295, 0.5955, 0.3017, 0.6599, 0.5449, 0.8109, 0.8655, 0.8146, 0.4151, 0.7209, 0.7600, 0.5837, 0.7694, 0.6117, 0.6436, 0.6668, 0.5711, 0.7911, 0.8389, 0.6511, 0.6542, 0.3699, 0.9270, 0.8503, 0.4617, 0.3072, 0.3903, 0.3005, 0.4323, 0.6511, 0.5847, 0.7916, 0.7272, 0.6080, 0.8032, 0.4691, 0.7999, 0.3410, 0.8295, 0.8681, 
 53  [VUI  2  0  4  3  1 ]  0.8266, 0.6027, 0.5835, 0.8343, 0.2899, 0.0918, 0.2560, 0.7775, 0.7268, 0.5936, 0.3013, 0.6583, 0.5425, 0.8084, 0.8644, 0.8141, 0.4153, 0.7200, 0.7605, 0.5860, 0.7675, 0.6100, 0.6404, 0.6673, 0.5682, 0.7896, 0.8409, 0.6498, 0.6495, 0.3629, 0.9266, 0.8490, 0.4633, 0.3117, 0.3953, 0.3046, 0.4373, 0.6490, 0.5830, 0.7888, 0.7258, 0.6065, 0.8002, 0.4670, 0.7979, 0.3442, 0.8295, 0.8673, 
 54  [VUI  2  1  0  3  4 ]  0.4732, 0.8508, 0.1478, 0.9751, 0.4414, 0.1218, 0.0380, 0.9376, 0.8896, 0.8781, 0.3418, 0.8211, 0.7385, 0.9694, 0.9128, 0.8876, 0.0836, 0.4139, 0.7916, 0.0937, 0.9153, 0.9001, 0.9394, 0.7503, 0.8491, 0.8583, 0.8154, 0.8168, 0.9018, 0.8098, 0.8281, 0.9387, 0.0884, 0.1373, 0.1637, 0.1071, 0.1549, 0.5966, 0.7262, 0.7556, 0.8021, 0.4405, 0.5704, 0.5862, 0.9711, 0.0000, 0.7148, 0.8584, 
 55  [VUI  2  1  0  4  3 ]  0.4771, 0.8485, 0.1497, 0.9748, 0.4399, 0.1188, 0.0382, 0.9374, 0.8897, 0.8760, 0.3418, 0.8200, 0.7382, 0.9693, 0.9125, 0.8862, 0.0881, 0.4192, 0.7898, 0.0979, 0.9146, 0.8976, 0.9386, 0.7477, 0.8480, 0.8580, 0.8132, 0.8152, 0.9030, 0.8114, 0.8287, 0.9383, 0.0921, 0.1353, 0.1620, 0.1058, 0.1536, 0.5996, 0.7256, 0.7582, 0.8019, 0.4440, 0.5765, 0.5873, 0.9704, 0.0016, 0.7148, 0.8584, 
 56  [VUI  2  1  3  0  4 ]  0.2385, 0.6285, 0.1598, 0.7211, 0.4692, 0.3574, 0.2942, 0.6165, 0.5649, 0.6903, 0.3708, 0.5305, 0.5645, 0.6898, 0.5560, 0.5710, 0.1856, 0.4384, 0.5254, 0.1808, 0.5809, 0.7217, 0.7689, 0.4437, 0.5571, 0.4276, 0.7473, 0.4851, 0.5740, 0.6134, 0.3697, 0.6239, 0.2584, 0.4974, 0.5167, 0.4467, 0.4457, 0.4682, 0.4467, 0.3173, 0.4720, 0.2313, 0.3100, 0.6611, 0.7352, 0.2263, 0.1203, 0.4260, 
 57  [VUI  2  1  3  4  0 ]  0.2392, 0.6232, 0.1618, 0.7172, 0.4681, 0.3577, 0.2980, 0.6118, 0.5605, 0.6855, 0.3712, 0.5254, 0.5618, 0.6858, 0.5507, 0.5652, 0.1915, 0.4440, 0.5199, 0.1863, 0.5757, 0.7167, 0.7658, 0.4369, 0.5519, 0.4213, 0.7441, 0.4789, 0.5706, 0.6123, 0.3640, 0.6191, 0.2645, 0.5005, 0.5198, 0.4501, 0.4485, 0.4694, 0.4422, 0.3139, 0.4673, 0.2318, 0.3124, 0.6632, 0.7313, 0.2310, 0.1120, 0.4200, 
 58  [VUI  2  1  4  0  3 ]  0.5241, 0.4663, 0.2937, 0.7007, 0.3566, 0.1403, 0.3104, 0.5987, 0.5727, 0.5344, 0.3708, 0.4519, 0.5449, 0.6841, 0.5369, 0.4747, 0.5146, 0.8230, 0.3954, 0.4901, 0.5362, 0.5407, 0.7113, 0.2573, 0.4773, 0.4057, 0.5862, 0.3700, 0.6622, 0.7329, 0.4186, 0.5927, 0.5294, 0.3578, 0.3903, 0.3514, 0.3530, 0.6852, 0.3995, 0.5078, 0.4601, 0.4832, 0.7535, 0.7370, 0.6874, 0.3410, 0.1203, 0.4260, 
 59  [VUI  2  1  4  3  0 ]  0.5208, 0.4632, 0.2939, 0.6972, 0.3570, 0.1435, 0.3140, 0.5943, 0.5682, 0.5318, 0.3712, 0.4479, 0.5425, 0.6803, 0.5319, 0.4702, 0.5160, 0.8234, 0.3917, 0.4914, 0.5315, 0.5382, 0.7090, 0.2530, 0.4733, 0.3997, 0.5852, 0.3654, 0.6576, 0.7302, 0.4123, 0.5883, 0.5317, 0.3628, 0.3953, 0.3562, 0.3571, 0.6834, 0.3956, 0.5017, 0.4555, 0.4803, 0.7499, 0.7380, 0.6841, 0.3442, 0.1120, 0.4200, 
 60  [VUI  2  3  0  1  4 ]  0.4956, 0.7235, 0.4485, 0.8076, 0.4083, 0.3517, 0.2863, 0.7356, 0.6590, 0.7151, 0.3073, 0.6824, 0.5310, 0.7626, 0.8157, 0.8498, 0.1057, 0.3410, 0.8386, 0.2912, 0.7497, 0.7582, 0.6683, 0.7941, 0.5945, 0.7299, 0.9869, 0.7022, 0.5028, 0.2125, 0.7897, 0.8209, 0.2236, 0.5163, 0.5847, 0.4613, 0.5811, 0.4094, 0.5780, 0.5166, 0.6755, 0.3157, 0.3094, 0.4077, 0.8023, 0.2700, 0.7148, 0.7847, 
 61  [VUI  2  3  0  4  1 ]  0.4998, 0.7198, 0.4538, 0.8054, 0.4064, 0.3514, 0.2894, 0.7330, 0.6565, 0.7111, 0.3069, 0.6797, 0.5283, 0.7601, 0.8143, 0.8480, 0.1105, 0.3454, 0.8374, 0.2978, 0.7472, 0.7540, 0.6643, 0.7921, 0.5905, 0.7281, 0.9867, 0.6993, 0.4993, 0.2072, 0.7899, 0.8191, 0.2289, 0.5188, 0.5879, 0.4641, 0.5848, 0.4102, 0.5757, 0.5164, 0.6739, 0.3177, 0.3125, 0.4066, 0.7996, 0.2747, 0.7148, 0.7839, 
 62  [VUI  2  3  1  0  4 ]  0.2422, 0.6080, 0.2084, 0.6940, 0.4639, 0.3946, 0.3343, 0.5838, 0.5276, 0.6639, 0.3652, 0.5081, 0.5310, 0.6564, 0.5403, 0.5649, 0.1891, 0.4266, 0.5330, 0.2128, 0.5542, 0.6987, 0.7251, 0.4508, 0.5159, 0.4068, 0.7750, 0.4665, 0.5095, 0.5169, 0.3635, 0.6049, 0.2803, 0.5587, 0.5847, 0.5040, 0.5146, 0.4379, 0.4227, 0.2787, 0.4516, 0.2111, 0.2678, 0.6322, 0.7079, 0.2700, 0.1203, 0.4141, 
 63  [VUI  2  3  1  4  0 ]  0.2428, 0.6026, 0.2104, 0.6902, 0.4627, 0.3949, 0.3381, 0.5791, 0.5232, 0.6591, 0.3656, 0.5029, 0.5283, 0.6524, 0.5350, 0.5591, 0.1951, 0.4322, 0.5275, 0.2182, 0.5489, 0.6937, 0.7219, 0.4440, 0.5107, 0.4005, 0.7718, 0.4603, 0.5061, 0.5158, 0.3578, 0.6001, 0.2864, 0.5618, 0.5879, 0.5074, 0.5174, 0.4391, 0.4182, 0.2752, 0.4468, 0.2116, 0.2702, 0.6343, 0.7040, 0.2747, 0.1120, 0.4081, 
 64  [VUI  2  3  4  0  1 ]  0.5467, 0.3376, 0.5979, 0.5313, 0.3231, 0.3729, 0.5616, 0.3944, 0.3395, 0.3695, 0.3358, 0.3116, 0.3350, 0.4750, 0.4387, 0.4364, 0.5370, 0.7492, 0.4430, 0.6900, 0.3687, 0.3971, 0.4371, 0.3017, 0.2198, 0.2757, 0.7597, 0.2541, 0.2585, 0.1287, 0.3798, 0.4735, 0.6661, 0.7413, 0.8163, 0.7097, 0.7842, 0.4958, 0.2496, 0.2660, 0.3320, 0.3569, 0.4896, 0.5563, 0.5166, 0.6142, 0.1203, 0.3515, 
 65  [VUI  2  3  4  1  0 ]  0.5432, 0.3360, 0.5945, 0.5298, 0.3238, 0.3735, 0.5623, 0.3923, 0.3377, 0.3688, 0.3366, 0.3092, 0.3350, 0.4735, 0.4349, 0.4325, 0.5381, 0.7504, 0.4388, 0.6889, 0.3659, 0.3963, 0.4378, 0.2969, 0.2187, 0.2712, 0.7567, 0.2508, 0.2586, 0.1329, 0.3739, 0.4705, 0.6669, 0.7419, 0.8163, 0.7103, 0.7833, 0.4962, 0.2474, 0.2627, 0.3289, 0.3555, 0.4890, 0.5595, 0.5152, 0.6142, 0.1120, 0.3463, 
 66  [VUI  2  4  0  1  3 ]  0.8354, 0.5304, 0.6078, 0.7834, 0.2742, 0.0933, 0.3056, 0.7145, 0.6684, 0.5296, 0.3073, 0.5889, 0.5077, 0.7559, 0.7930, 0.7352, 0.4973, 0.7988, 0.6839, 0.6593, 0.6964, 0.5428, 0.5997, 0.5722, 0.4996, 0.7039, 0.7951, 0.5653, 0.6077, 0.3547, 0.8479, 0.7837, 0.5461, 0.3501, 0.4344, 0.3478, 0.4708, 0.6676, 0.5218, 0.7433, 0.6613, 0.6156, 0.8374, 0.4980, 0.7453, 0.4065, 0.7148, 0.7847, 
 67  [VUI  2  4  0  3  1 ]  0.8357, 0.5290, 0.6113, 0.7815, 0.2738, 0.0960, 0.3085, 0.7121, 0.6657, 0.5277, 0.3069, 0.5873, 0.5052, 0.7535, 0.7919, 0.7347, 0.4976, 0.7979, 0.6845, 0.6617, 0.6945, 0.5412, 0.5966, 0.5727, 0.4967, 0.7024, 0.7971, 0.5639, 0.6031, 0.3477, 0.8475, 0.7823, 0.5476, 0.3546, 0.4393, 0.3520, 0.4758, 0.6655, 0.5201, 0.7405, 0.6598, 0.6141, 0.8343, 0.4959, 0.7434, 0.4097, 0.7148, 0.7839, 
 68  [VUI  2  4  1  0  3 ]  0.5820, 0.4149, 0.3678, 0.6698, 0.3298, 0.1361, 0.3536, 0.5627, 0.5370, 0.4784, 0.3652, 0.4145, 0.5077, 0.6496, 0.5176, 0.4502, 0.5808, 0.8844, 0.3783, 0.5809, 0.5009, 0.4833, 0.6565, 0.2289, 0.4210, 0.3808, 0.5833, 0.3296, 0.6144, 0.6590, 0.4217, 0.5677, 0.6027, 0.3925, 0.4344, 0.3906, 0.4043, 0.6962, 0.3665, 0.5054, 0.4373, 0.5109, 0.7957, 0.7225, 0.6510, 0.4065, 0.1203, 0.4141, 
 69  [VUI  2  4  1  3  0 ]  0.5787, 0.4118, 0.3679, 0.6663, 0.3302, 0.1394, 0.3572, 0.5582, 0.5324, 0.4758, 0.3656, 0.4105, 0.5052, 0.6457, 0.5126, 0.4458, 0.5822, 0.8848, 0.3746, 0.5821, 0.4962, 0.4808, 0.6542, 0.2246, 0.4170, 0.3748, 0.5823, 0.3250, 0.6099, 0.6563, 0.4154, 0.5633, 0.6051, 0.3975, 0.4393, 0.3953, 0.4084, 0.6944, 0.3626, 0.4993, 0.4327, 0.5080, 0.7921, 0.7236, 0.6477, 0.4097, 0.1120, 0.4081, 
 70  [VUI  2  4  3  0  1 ]  0.6010, 0.3067, 0.6233, 0.5275, 0.3016, 0.3316, 0.5647, 0.3910, 0.3410, 0.3399, 0.3358, 0.2967, 0.3313, 0.4739, 0.4351, 0.4181, 0.5996, 0.8224, 0.4183, 0.7488, 0.3602, 0.3627, 0.4261, 0.2662, 0.2046, 0.2716, 0.7290, 0.2322, 0.2753, 0.1514, 0.3891, 0.4675, 0.7177, 0.7147, 0.7923, 0.6916, 0.7666, 0.5371, 0.2406, 0.3022, 0.3298, 0.4049, 0.5739, 0.5708, 0.5075, 0.6360, 0.1203, 0.3515, 
 71  [VUI  2  4  3  1  0 ]  0.5975, 0.3051, 0.6200, 0.5259, 0.3024, 0.3322, 0.5653, 0.3889, 0.3392, 0.3392, 0.3366, 0.2943, 0.3313, 0.4724, 0.4312, 0.4142, 0.6007, 0.8236, 0.4140, 0.7477, 0.3574, 0.3619, 0.4269, 0.2614, 0.2035, 0.2671, 0.7261, 0.2289, 0.2754, 0.1556, 0.3832, 0.4645, 0.7185, 0.7153, 0.7923, 0.6922, 0.7657, 0.5375, 0.2384, 0.2989, 0.3267, 0.4034, 0.5734, 0.5739, 0.5061, 0.6360, 0.1120, 0.3463, 
 72  [VUI  3  0  1  2  4 ]  0.3024, 0.4940, 0.3537, 0.3332, 0.1601, 0.3119, 0.3030, 0.4081, 0.3785, 0.4455, 0.0074, 0.4565, 0.2376, 0.3430, 0.4509, 0.5101, 0.0450, 0.0056, 0.5433, 0.2324, 0.4609, 0.4694, 0.2889, 0.6676, 0.4628, 0.5410, 0.4784, 0.5559, 0.2908, 0.1040, 0.5026, 0.4194, 0.1719, 0.4598, 0.4991, 0.4292, 0.5042, 0.0000, 0.3994, 0.2950, 0.4084, 0.1231, 0.0490, 0.0193, 0.3501, 0.3397, 0.6994, 0.5115, 
 73  [VUI  3  0  1  4  2 ]  0.3082, 0.4937, 0.3614, 0.3296, 0.1648, 0.3173, 0.3095, 0.4054, 0.3777, 0.4448, 0.0135, 0.4573, 0.2414, 0.3397, 0.4478, 0.5079, 0.0528, 0.0110, 0.5432, 0.2400, 0.4584, 0.4678, 0.2873, 0.6676, 0.4626, 0.5394, 0.4748, 0.5558, 0.2907, 0.1069, 0.5014, 0.4158, 0.1789, 0.4637, 0.5029, 0.4338, 0.5087, 0.0052, 0.4039, 0.2995, 0.4102, 0.1306, 0.0555, 0.0224, 0.3468, 0.3468, 0.7006, 0.5097, 
 74  [VUI  3  0  2  1  4 ]  0.5960, 0.8223, 0.6225, 0.7556, 0.5895, 0.5580, 0.4251, 0.7240, 0.6957, 0.7944, 0.4840, 0.7954, 0.6862, 0.7180, 0.7978, 0.8843, 0.1872, 0.3414, 0.9396, 0.3768, 0.7586, 0.8176, 0.6773, 0.9305, 0.6792, 0.7738, 0.9587, 0.8102, 0.5239, 0.2875, 0.8207, 0.7858, 0.2894, 0.6247, 0.6823, 0.5742, 0.6994, 0.5000, 0.7884, 0.6590, 0.7986, 0.4768, 0.3728, 0.4561, 0.7685, 0.3926, 0.8651, 0.8163, 
 75  [VUI  3  0  2  4  1 ]  0.6002, 0.8186, 0.6279, 0.7534, 0.5876, 0.5577, 0.4282, 0.7214, 0.6931, 0.7903, 0.4836, 0.7927, 0.6835, 0.7155, 0.7964, 0.8825, 0.1920, 0.3458, 0.9384, 0.3834, 0.7560, 0.8134, 0.6734, 0.9284, 0.6751, 0.7720, 0.9585, 0.8073, 0.5204, 0.2822, 0.8209, 0.7840, 0.2947, 0.6272, 0.6854, 0.5770, 0.7031, 0.5008, 0.7860, 0.6588, 0.7969, 0.4788, 0.3758, 0.4550, 0.7659, 0.3973, 0.8651, 0.8154, 
 76  [VUI  3  0  4  1  2 ]  0.3131, 0.4893, 0.3677, 0.3269, 0.1625, 0.3169, 0.3131, 0.4024, 0.3747, 0.4401, 0.0130, 0.4542, 0.2382, 0.3367, 0.4462, 0.5058, 0.0585, 0.0162, 0.5417, 0.2478, 0.4554, 0.4629, 0.2827, 0.6651, 0.4578, 0.5372, 0.4746, 0.5523, 0.2866, 0.1006, 0.5017, 0.4136, 0.1852, 0.4667, 0.5066, 0.4372, 0.5131, 0.0061, 0.4011, 0.2993, 0.4083, 0.1329, 0.0591, 0.0212, 0.3437, 0.3523, 0.7006, 0.5087, 
 77  [VUI  3  0  4  2  1 ]  0.3115, 0.4860, 0.3654, 0.3283, 0.1559, 0.3113, 0.3098, 0.4024, 0.3729, 0.4367, 0.0066, 0.4506, 0.2317, 0.3376, 0.4479, 0.5062, 0.0554, 0.0152, 0.5406, 0.2467, 0.4553, 0.4604, 0.2803, 0.6631, 0.4539, 0.5370, 0.4780, 0.5495, 0.2833, 0.0924, 0.5031, 0.4155, 0.1835, 0.4652, 0.5061, 0.4354, 0.5123, 0.0017, 0.3942, 0.2946, 0.4048, 0.1274, 0.0557, 0.0170, 0.3444, 0.3500, 0.6994, 0.5096, 
 78  [VUI  3  1  0  2  4 ]  0.0043, 0.3581, 0.0713, 0.1995, 0.2255, 0.3623, 0.3595, 0.2295, 0.2239, 0.3853, 0.0756, 0.2514, 0.2376, 0.2180, 0.1269, 0.1748, 0.1431, 0.1063, 0.1838, 0.1401, 0.2308, 0.3994, 0.3557, 0.2637, 0.3703, 0.1609, 0.2292, 0.2786, 0.2987, 0.4621, 0.0012, 0.1652, 0.2386, 0.5096, 0.4991, 0.4795, 0.4260, 0.0336, 0.2167, 0.0151, 0.1449, 0.0000, 0.0000, 0.2834, 0.2391, 0.3397, 0.0000, 0.0754, 
 79  [VUI  3  1  0  4  2 ]  0.0100, 0.3577, 0.0790, 0.1959, 0.2301, 0.3677, 0.3660, 0.2268, 0.2231, 0.3845, 0.0816, 0.2522, 0.2414, 0.2147, 0.1237, 0.1726, 0.1510, 0.1118, 0.1836, 0.1478, 0.2283, 0.3978, 0.3542, 0.2637, 0.3701, 0.1593, 0.2256, 0.2785, 0.2985, 0.4649, 0.0000, 0.1616, 0.2456, 0.5136, 0.5029, 0.4841, 0.4305, 0.0387, 0.2213, 0.0196, 0.1467, 0.0075, 0.0065, 0.2866, 0.2358, 0.3468, 0.0012, 0.0737, 
 80  [VUI  3  1  2  0  4 ]  0.2937, 0.6845, 0.3362, 0.6201, 0.6558, 0.6091, 0.4823, 0.5430, 0.5389, 0.7333, 0.5531, 0.5874, 0.6862, 0.5912, 0.4692, 0.5444, 0.2868, 0.4436, 0.5750, 0.2833, 0.5253, 0.7466, 0.7451, 0.5209, 0.5854, 0.3884, 0.7060, 0.5290, 0.5319, 0.6505, 0.3123, 0.5281, 0.3570, 0.6753, 0.6823, 0.6252, 0.6201, 0.5341, 0.6032, 0.3752, 0.5314, 0.3520, 0.3231, 0.7239, 0.6560, 0.3926, 0.1559, 0.3742, 
 81  [VUI  3  1  2  4  0 ]  0.2944, 0.6792, 0.3382, 0.6162, 0.6546, 0.6094, 0.4861, 0.5383, 0.5345, 0.7285, 0.5535, 0.5823, 0.6835, 0.5873, 0.4640, 0.5386, 0.2927, 0.4492, 0.5695, 0.2887, 0.5200, 0.7416, 0.7419, 0.5141, 0.5802, 0.3821, 0.7028, 0.5228, 0.5285, 0.6494, 0.3066, 0.5233, 0.3631, 0.6784, 0.6854, 0.6286, 0.6229, 0.5353, 0.5986, 0.3717, 0.5266, 0.3526, 0.3255, 0.7260, 0.6520, 0.3973, 0.1477, 0.3681, 
 82  [VUI  3  1  4  0  2 ]  0.7125, 0.6575, 0.8960, 0.3558, 0.9937, 1.0000, 0.9531, 0.3476, 0.4841, 0.6813, 0.9934, 0.6463, 0.9605, 0.3475, 0.2407, 0.3839, 0.8602, 0.8406, 0.5650, 0.8400, 0.3462, 0.6260, 0.6299, 0.5209, 0.5740, 0.2719, 0.4451, 0.5202, 0.5183, 0.8596, 0.2226, 0.2652, 0.8660, 0.9653, 0.9560, 0.9609, 0.9487, 0.9102, 0.9338, 0.7053, 0.6629, 0.8957, 0.7983, 0.9516, 0.4168, 0.9089, 0.2421, 0.2489, 
 83  [VUI  3  1  4  2  0 ]  0.7074, 0.6525, 0.8903, 0.3556, 0.9879, 0.9949, 0.9505, 0.3456, 0.4804, 0.6773, 0.9878, 0.6404, 0.9541, 0.3469, 0.2386, 0.3803, 0.8583, 0.8408, 0.5597, 0.8378, 0.3434, 0.6227, 0.6283, 0.5141, 0.5690, 0.2672, 0.4456, 0.5141, 0.5151, 0.8556, 0.2182, 0.2640, 0.8651, 0.9644, 0.9554, 0.9597, 0.9470, 0.9062, 0.9247, 0.6972, 0.6563, 0.8888, 0.7943, 0.9506, 0.4161, 0.9065, 0.2326, 0.2446, 
 84  [VUI  3  2  0  1  4 ]  0.5254, 0.7538, 0.5438, 0.7530, 0.5091, 0.4878, 0.3880, 0.6959, 0.6450, 0.7384, 0.4058, 0.7132, 0.5968, 0.7093, 0.7688, 0.8354, 0.1604, 0.3437, 0.8654, 0.3466, 0.7197, 0.7717, 0.6554, 0.8359, 0.6098, 0.7087, 0.9645, 0.7260, 0.4800, 0.2326, 0.7587, 0.7691, 0.2769, 0.6125, 0.6743, 0.5577, 0.6754, 0.4450, 0.6626, 0.5479, 0.7076, 0.3810, 0.3165, 0.4416, 0.7594, 0.3598, 0.7341, 0.7567, 
 85  [VUI  3  2  0  4  1 ]  0.5296, 0.7501, 0.5492, 0.7508, 0.5072, 0.4875, 0.3911, 0.6933, 0.6424, 0.7343, 0.4054, 0.7105, 0.5941, 0.7068, 0.7674, 0.8337, 0.1652, 0.3482, 0.8642, 0.3531, 0.7171, 0.7675, 0.6514, 0.8338, 0.6058, 0.7069, 0.9643, 0.7231, 0.4766, 0.2272, 0.7589, 0.7673, 0.2822, 0.6150, 0.6774, 0.5605, 0.6791, 0.4458, 0.6602, 0.5477, 0.7060, 0.3830, 0.3196, 0.4406, 0.7568, 0.3646, 0.7341, 0.7559, 
 86  [VUI  3  2  1  0  4 ]  0.2720, 0.6382, 0.3037, 0.6394, 0.5647, 0.5306, 0.4360, 0.5441, 0.5136, 0.6872, 0.4637, 0.5388, 0.5968, 0.6031, 0.4934, 0.5505, 0.2438, 0.4294, 0.5598, 0.2681, 0.5241, 0.7122, 0.7122, 0.4926, 0.5312, 0.3856, 0.7527, 0.4903, 0.4867, 0.5369, 0.3325, 0.5531, 0.3336, 0.6548, 0.6743, 0.6004, 0.6089, 0.4735, 0.5073, 0.3100, 0.4837, 0.2764, 0.2749, 0.6662, 0.6651, 0.3598, 0.1396, 0.3861, 
 87  [VUI  3  2  1  4  0 ]  0.2726, 0.6329, 0.3058, 0.6356, 0.5635, 0.5309, 0.4398, 0.5394, 0.5092, 0.6824, 0.4641, 0.5337, 0.5941, 0.5991, 0.4882, 0.5448, 0.2498, 0.4350, 0.5543, 0.2736, 0.5188, 0.7072, 0.7091, 0.4857, 0.5260, 0.3793, 0.7495, 0.4841, 0.4834, 0.5358, 0.3268, 0.5483, 0.3397, 0.6579, 0.6774, 0.6039, 0.6117, 0.4747, 0.5028, 0.3065, 0.4789, 0.2769, 0.2773, 0.6683, 0.6611, 0.3646, 0.1313, 0.3800, 
 88  [VUI  3  2  4  0  1 ]  0.5765, 0.3678, 0.6932, 0.4768, 0.4239, 0.5089, 0.6633, 0.3547, 0.3255, 0.3928, 0.4344, 0.3424, 0.4008, 0.4217, 0.3918, 0.4221, 0.5917, 0.7520, 0.4699, 0.7454, 0.3386, 0.4106, 0.4242, 0.3434, 0.2351, 0.2546, 0.7373, 0.2779, 0.2357, 0.1487, 0.3488, 0.4217, 0.7194, 0.8374, 0.9058, 0.8062, 0.8785, 0.5314, 0.3341, 0.2973, 0.3641, 0.4222, 0.4967, 0.5903, 0.4737, 0.7040, 0.1396, 0.3234, 
 89  [VUI  3  2  4  1  0 ]  0.5730, 0.3662, 0.6898, 0.4752, 0.4247, 0.5095, 0.6640, 0.3526, 0.3236, 0.3921, 0.4352, 0.3400, 0.4008, 0.4202, 0.3880, 0.4181, 0.5928, 0.7532, 0.4656, 0.7443, 0.3359, 0.4098, 0.4250, 0.3386, 0.2340, 0.2501, 0.7344, 0.2746, 0.2358, 0.1529, 0.3429, 0.4186, 0.7202, 0.8380, 0.9058, 0.8068, 0.8776, 0.5318, 0.3320, 0.2939, 0.3610, 0.4208, 0.4961, 0.5934, 0.4724, 0.7040, 0.1313, 0.3183, 
 90  [VUI  3  4  0  1  2 ]  0.3683, 0.0396, 0.5372, 0.0045, 0.0645, 0.3421, 0.6334, 0.0040, 0.0018, 0.0382, 0.0471, 0.0211, 0.0108, 0.0013, 0.0043, 0.0216, 0.5602, 0.4913, 0.0778, 0.7092, 0.0101, 0.0430, 0.0153, 0.0882, 0.0218, 0.0051, 0.2075, 0.0285, 0.0033, 0.0082, 0.0192, 0.0070, 0.6995, 0.7284, 0.7753, 0.7262, 0.7477, 0.1068, 0.0175, 0.0047, 0.0061, 0.1791, 0.2675, 0.1973, 0.0107, 0.7517, 0.0012, 0.0000, 
 91  [VUI  3  4  0  2  1 ]  0.3667, 0.0363, 0.5348, 0.0059, 0.0579, 0.3365, 0.6300, 0.0041, 0.0000, 0.0349, 0.0406, 0.0176, 0.0044, 0.0021, 0.0060, 0.0220, 0.5571, 0.4903, 0.0767, 0.7081, 0.0100, 0.0405, 0.0129, 0.0861, 0.0178, 0.0049, 0.2109, 0.0257, 0.0000, 0.0000, 0.0206, 0.0088, 0.6978, 0.7269, 0.7748, 0.7244, 0.7469, 0.1024, 0.0106, 0.0000, 0.0027, 0.1736, 0.2640, 0.1931, 0.0114, 0.7494, 0.0000, 0.0009, 
 92  [VUI  3  4  1  0  2 ]  0.7704, 0.6060, 0.9700, 0.3248, 0.9669, 0.9959, 0.9964, 0.3116, 0.4483, 0.6253, 0.9878, 0.6090, 0.9233, 0.3130, 0.2214, 0.3594, 0.9264, 0.9020, 0.5479, 0.9308, 0.3109, 0.5686, 0.5751, 0.4926, 0.5176, 0.2470, 0.4422, 0.4798, 0.4706, 0.7857, 0.2258, 0.2402, 0.9394, 1.0000, 1.0000, 1.0000, 1.0000, 0.9212, 0.9009, 0.7028, 0.6401, 0.9234, 0.8405, 0.9372, 0.3804, 0.9743, 0.2421, 0.2370, 
 93  [VUI  3  4  1  2  0 ]  0.7653, 0.6011, 0.9644, 0.3246, 0.9611, 0.9908, 0.9937, 0.3096, 0.4446, 0.6213, 0.9822, 0.6030, 0.9168, 0.3124, 0.2193, 0.3559, 0.9244, 0.9021, 0.5426, 0.9286, 0.3081, 0.5653, 0.5735, 0.4857, 0.5126, 0.2423, 0.4426, 0.4737, 0.4674, 0.7818, 0.2213, 0.2390, 0.9385, 0.9991, 0.9994, 0.9988, 0.9983, 0.9172, 0.8918, 0.6948, 0.6336, 0.9165, 0.8365, 0.9361, 0.3797, 0.9720, 0.2326, 0.2327, 
 94  [VUI  3  4  2  0  1 ]  0.6562, 0.3627, 0.7997, 0.4265, 0.4882, 0.5833, 0.7529, 0.3175, 0.3150, 0.3829, 0.5181, 0.3536, 0.4530, 0.3753, 0.3484, 0.3915, 0.7008, 0.8275, 0.4680, 0.8513, 0.3045, 0.3877, 0.4022, 0.3434, 0.2329, 0.2324, 0.6877, 0.2762, 0.2332, 0.1885, 0.3317, 0.3717, 0.8162, 0.8926, 0.9579, 0.8700, 0.9410, 0.6029, 0.3970, 0.3600, 0.3892, 0.5256, 0.5871, 0.6336, 0.4282, 0.8022, 0.1559, 0.2996, 
 95  [VUI  3  4  2  1  0 ]  0.6527, 0.3611, 0.7963, 0.4249, 0.4889, 0.5839, 0.7535, 0.3154, 0.3132, 0.3822, 0.5189, 0.3512, 0.4530, 0.3739, 0.3445, 0.3876, 0.7019, 0.8287, 0.4637, 0.8502, 0.3018, 0.3868, 0.4030, 0.3386, 0.2318, 0.2279, 0.6848, 0.2729, 0.2333, 0.1927, 0.3258, 0.3686, 0.8170, 0.8932, 0.9579, 0.8706, 0.9401, 0.6033, 0.3948, 0.3567, 0.3860, 0.5242, 0.5865, 0.6367, 0.4269, 0.8022, 0.1477, 0.2944, 
 96  [VUI  4  0  1  2  3 ]  0.7061, 0.2647, 0.5430, 0.3045, 0.0008, 0.0049, 0.3260, 0.3830, 0.3896, 0.2252, 0.0074, 0.3454, 0.2099, 0.3350, 0.4240, 0.3739, 0.5102, 0.5494, 0.3596, 0.6697, 0.3975, 0.2136, 0.2074, 0.4039, 0.3501, 0.5101, 0.2506, 0.3932, 0.4155, 0.2729, 0.5718, 0.3751, 0.5550, 0.2623, 0.3205, 0.2945, 0.3732, 0.3068, 0.3326, 0.5643, 0.3915, 0.4793, 0.6762, 0.1266, 0.2825, 0.5019, 0.6994, 0.5115, 
 97  [VUI  4  0  1  3  2 ]  0.7080, 0.2665, 0.5489, 0.3011, 0.0070, 0.0132, 0.3322, 0.3806, 0.3887, 0.2266, 0.0135, 0.3473, 0.2139, 0.3317, 0.4211, 0.3730, 0.5136, 0.5496, 0.3612, 0.6731, 0.3957, 0.2144, 0.2066, 0.4064, 0.3510, 0.5088, 0.2492, 0.3946, 0.4141, 0.2741, 0.5699, 0.3720, 0.5583, 0.2682, 0.3260, 0.3004, 0.3790, 0.3090, 0.3378, 0.5662, 0.3935, 0.4833, 0.6767, 0.1286, 0.2798, 0.5074, 0.7006, 0.5097, 
 98  [VUI  4  0  2  1  3 ]  0.9997, 0.5930, 0.8118, 0.7269, 0.4302, 0.2510, 0.4480, 0.6989, 0.7068, 0.5740, 0.4840, 0.6843, 0.6585, 0.7099, 0.7709, 0.7481, 0.6525, 0.8852, 0.7559, 0.8142, 0.6953, 0.5617, 0.5959, 0.6668, 0.5664, 0.7429, 0.7309, 0.6475, 0.6486, 0.4564, 0.8899, 0.7415, 0.6725, 0.4273, 0.5037, 0.4394, 0.5684, 0.8068, 0.7216, 0.9282, 0.7817, 0.8331, 1.0000, 0.5634, 0.7009, 0.5548, 0.8651, 0.8163, 
 99  [VUI  4  0  2  3  1 ]  1.0000, 0.5915, 0.8153, 0.7249, 0.4298, 0.2537, 0.4509, 0.6966, 0.7041, 0.5721, 0.4836, 0.6827, 0.6561, 0.7075, 0.7698, 0.7477, 0.6527, 0.8844, 0.7564, 0.8165, 0.6933, 0.5601, 0.5927, 0.6673, 0.5635, 0.7414, 0.7329, 0.6461, 0.6439, 0.4494, 0.8894, 0.7402, 0.6740, 0.4317, 0.5086, 0.4436, 0.5734, 0.8047, 0.7199, 0.9254, 0.7802, 0.8316, 0.9970, 0.5613, 0.6989, 0.5579, 0.8651, 0.8154, 
100  [VUI  4  0  3  1  2 ]  0.7083, 0.2648, 0.5530, 0.2988, 0.0066, 0.0164, 0.3356, 0.3778, 0.3856, 0.2244, 0.0130, 0.3454, 0.2111, 0.3289, 0.4198, 0.3725, 0.5139, 0.5486, 0.3619, 0.6759, 0.3934, 0.2124, 0.2029, 0.4070, 0.3475, 0.5070, 0.2516, 0.3931, 0.4086, 0.2659, 0.5694, 0.3703, 0.5601, 0.2734, 0.3318, 0.3053, 0.3848, 0.3064, 0.3358, 0.5629, 0.3917, 0.4816, 0.6731, 0.1262, 0.2775, 0.5111, 0.7006, 0.5087, 
101  [VUI  4  0  3  2  1 ]  0.7067, 0.2614, 0.5507, 0.3002, 0.0000, 0.0107, 0.3323, 0.3779, 0.3837, 0.2210, 0.0066, 0.3419, 0.2046, 0.3297, 0.4215, 0.3729, 0.5108, 0.5476, 0.3608, 0.6748, 0.3933, 0.2100, 0.2005, 0.4050, 0.3436, 0.5068, 0.2550, 0.3903, 0.4054, 0.2577, 0.5708, 0.3721, 0.5584, 0.2720, 0.3312, 0.3035, 0.3840, 0.3021, 0.3288, 0.5582, 0.3883, 0.4762, 0.6696, 0.1220, 0.2782, 0.5088, 0.6994, 0.5096, 
102  [VUI  4  1  0  2  3 ]  0.4080, 0.1287, 0.2606, 0.1708, 0.0662, 0.0553, 0.3825, 0.2044, 0.2350, 0.1649, 0.0756, 0.1403, 0.2099, 0.2100, 0.1000, 0.0386, 0.6084, 0.6502, 0.0000, 0.5775, 0.1675, 0.1436, 0.2743, 0.0000, 0.2576, 0.1300, 0.0014, 0.1159, 0.4234, 0.6310, 0.0704, 0.1210, 0.6217, 0.3122, 0.3205, 0.3447, 0.2950, 0.3404, 0.1499, 0.2844, 0.1280, 0.3562, 0.6272, 0.3907, 0.1715, 0.5019, 0.0000, 0.0754, 
103  [VUI  4  1  0  3  2 ]  0.4098, 0.1306, 0.2665, 0.1674, 0.0724, 0.0636, 0.3887, 0.2020, 0.2341, 0.1663, 0.0816, 0.1422, 0.2139, 0.2067, 0.0971, 0.0378, 0.6117, 0.6504, 0.0016, 0.5809, 0.1656, 0.1444, 0.2735, 0.0026, 0.2585, 0.1287, 0.0000, 0.1173, 0.4220, 0.6322, 0.0685, 0.1178, 0.6249, 0.3181, 0.3260, 0.3507, 0.3007, 0.3426, 0.1551, 0.2863, 0.1300, 0.3603, 0.6277, 0.3928, 0.1688, 0.5074, 0.0012, 0.0737, 
104  [VUI  4  1  2  0  3 ]  0.6974, 0.4551, 0.5254, 0.5913, 0.4965, 0.3021, 0.5053, 0.5179, 0.5500, 0.5129, 0.5531, 0.4763, 0.6585, 0.5832, 0.4423, 0.4082, 0.7520, 0.9874, 0.3913, 0.7206, 0.4620, 0.4908, 0.6636, 0.2573, 0.4726, 0.3575, 0.4782, 0.3663, 0.6566, 0.8194, 0.3815, 0.4838, 0.7401, 0.4778, 0.5037, 0.4904, 0.4891, 0.8409, 0.5364, 0.6444, 0.5145, 0.7083, 0.9503, 0.8312, 0.5883, 0.5548, 0.1559, 0.3742, 
105  [VUI  4  1  2  3  0 ]  0.6942, 0.4520, 0.5256, 0.5878, 0.4969, 0.3054, 0.5089, 0.5134, 0.5455, 0.5103, 0.5535, 0.4723, 0.6561, 0.5793, 0.4373, 0.4038, 0.7534, 0.9878, 0.3876, 0.7218, 0.4573, 0.4883, 0.6613, 0.2530, 0.4686, 0.3515, 0.4772, 0.3617, 0.6520, 0.8167, 0.3751, 0.4794, 0.7424, 0.4829, 0.5086, 0.4951, 0.4931, 0.8391, 0.5325, 0.6383, 0.5099, 0.7054, 0.9467, 0.8323, 0.5851, 0.5579, 0.1477, 0.3681, 
106  [VUI  4  1  3  0  2 ]  0.8307, 0.5903, 0.9514, 0.3473, 0.9471, 0.9101, 0.9599, 0.3403, 0.4873, 0.6168, 0.9934, 0.6138, 0.9524, 0.3451, 0.2329, 0.3440, 0.9964, 0.9998, 0.5112, 0.9681, 0.3277, 0.5511, 0.6060, 0.4437, 0.5410, 0.2629, 0.3784, 0.4725, 0.5548, 0.9090, 0.2429, 0.2523, 0.9781, 0.9075, 0.9037, 0.9214, 0.9103, 1.0000, 0.9142, 0.7841, 0.6579, 1.0000, 0.9820, 0.9830, 0.3970, 0.9564, 0.2421, 0.2489, 
107  [VUI  4  1  3  2  0 ]  0.8256, 0.5854, 0.9457, 0.3472, 0.9413, 0.9050, 0.9572, 0.3382, 0.4837, 0.6128, 0.9878, 0.6079, 0.9460, 0.3445, 0.2308, 0.3405, 0.9945, 1.0000, 0.5059, 0.9659, 0.3249, 0.5478, 0.6044, 0.4369, 0.5360, 0.2581, 0.3789, 0.4665, 0.5516, 0.9051, 0.2384, 0.2511, 0.9772, 0.9066, 0.9031, 0.9202, 0.9086, 0.9960, 0.9052, 0.7761, 0.6514, 0.9931, 0.9779, 0.9820, 0.3963, 0.9540, 0.2326, 0.2446, 
108  [VUI  4  2  0  1  3 ]  0.9291, 0.5244, 0.7331, 0.7243, 0.3499, 0.1808, 0.4110, 0.6708, 0.6561, 0.5180, 0.4058, 0.6021, 0.5690, 0.7013, 0.7419, 0.6993, 0.6256, 0.8876, 0.6817, 0.7839, 0.6563, 0.5158, 0.5739, 0.5722, 0.4971, 0.6778, 0.7367, 0.5633, 0.6047, 0.4015, 0.8279, 0.7249, 0.6600, 0.4150, 0.4956, 0.4230, 0.5443, 0.7518, 0.5958, 0.8172, 0.6907, 0.7372, 0.9437, 0.5489, 0.6918, 0.5221, 0.7341, 0.7567, 
109  [VUI  4  2  0  3  1 ]  0.9294, 0.5229, 0.7366, 0.7223, 0.3495, 0.1834, 0.4139, 0.6684, 0.6534, 0.5161, 0.4054, 0.6005, 0.5666, 0.6989, 0.7408, 0.6988, 0.6259, 0.8867, 0.6822, 0.7862, 0.6544, 0.5142, 0.5708, 0.5727, 0.4941, 0.6763, 0.7387, 0.5620, 0.6000, 0.3945, 0.8274, 0.7235, 0.6615, 0.4195, 0.5006, 0.4271, 0.5493, 0.7496, 0.5941, 0.8144, 0.6892, 0.7358, 0.9407, 0.5469, 0.6898, 0.5252, 0.7341, 0.7559, 
110  [VUI  4  2  1  0  3 ]  0.6757, 0.4088, 0.4930, 0.6107, 0.4054, 0.2236, 0.4590, 0.5190, 0.5247, 0.4668, 0.4637, 0.4277, 0.5690, 0.5951, 0.4665, 0.4143, 0.7091, 0.9733, 0.3761, 0.7055, 0.4608, 0.4563, 0.6308, 0.2289, 0.4185, 0.3547, 0.5249, 0.3276, 0.6114, 0.7058, 0.4017, 0.5088, 0.7166, 0.4574, 0.4956, 0.4657, 0.4779, 0.7803, 0.4405, 0.5792, 0.4668, 0.6326, 0.9021, 0.7735, 0.5974, 0.5221, 0.1396, 0.3861, 
111  [VUI  4  2  1  3  0 ]  0.6724, 0.4057, 0.4932, 0.6071, 0.4058, 0.2269, 0.4626, 0.5145, 0.5201, 0.4642, 0.4641, 0.4237, 0.5666, 0.5912, 0.4615, 0.4099, 0.7105, 0.9736, 0.3724, 0.7067, 0.4561, 0.4539, 0.6284, 0.2246, 0.4144, 0.3487, 0.5239, 0.3230, 0.6068, 0.7031, 0.3953, 0.5044, 0.7190, 0.4624, 0.5006, 0.4704, 0.4819, 0.7786, 0.4366, 0.5731, 0.4622, 0.6297, 0.8985, 0.7745, 0.5942, 0.5252, 0.1313, 0.3800, 
112  [VUI  4  2  3  0  1 ]  0.6947, 0.3007, 0.7486, 0.4683, 0.3772, 0.4190, 0.6700, 0.3473, 0.3287, 0.3283, 0.4344, 0.3099, 0.3927, 0.4194, 0.3839, 0.3822, 0.7279, 0.9112, 0.4161, 0.8734, 0.3201, 0.3357, 0.4003, 0.2662, 0.2021, 0.2455, 0.6706, 0.2302, 0.2722, 0.1982, 0.3691, 0.4087, 0.8316, 0.7796, 0.8535, 0.7667, 0.8402, 0.6212, 0.3146, 0.3761, 0.3592, 0.5265, 0.6803, 0.6217, 0.4539, 0.7515, 0.1396, 0.3234, 
113  [VUI  4  2  3  1  0 ]  0.6912, 0.2991, 0.7453, 0.4668, 0.3780, 0.4196, 0.6707, 0.3452, 0.3269, 0.3275, 0.4352, 0.3074, 0.3927, 0.4179, 0.3801, 0.3782, 0.7291, 0.9124, 0.4118, 0.8723, 0.3173, 0.3349, 0.4011, 0.2614, 0.2010, 0.2410, 0.6677, 0.2270, 0.2723, 0.2024, 0.3631, 0.4057, 0.8324, 0.7802, 0.8535, 0.7673, 0.8392, 0.6216, 0.3124, 0.3728, 0.3561, 0.5251, 0.6797, 0.6248, 0.4526, 0.7515, 0.1313, 0.3183, 
114  [VUI  4  3  0  1  2 ]  0.4322, 0.0033, 0.5671, 0.0000, 0.0393, 0.2935, 0.6370, 0.0000, 0.0036, 0.0033, 0.0471, 0.0035, 0.0065, 0.0000, 0.0000, 0.0000, 0.6338, 0.5774, 0.0487, 0.7784, 0.0001, 0.0025, 0.0024, 0.0464, 0.0039, 0.0002, 0.1715, 0.0028, 0.0230, 0.0349, 0.0301, 0.0000, 0.7602, 0.6972, 0.7471, 0.7048, 0.7270, 0.1554, 0.0069, 0.0473, 0.0034, 0.2355, 0.3667, 0.2143, 0.0000, 0.7774, 0.0012, 0.0000, 
115  [VUI  4  3  0  2  1 ]  0.4306, 0.0000, 0.5648, 0.0014, 0.0327, 0.2879, 0.6337, 0.0001, 0.0018, 0.0000, 0.0406, 0.0000, 0.0000, 0.0009, 0.0017, 0.0004, 0.6307, 0.5764, 0.0476, 0.7773, 0.0000, 0.0000, 0.0000, 0.0444, 0.0000, 0.0000, 0.1749, 0.0000, 0.0197, 0.0267, 0.0316, 0.0018, 0.7585, 0.6957, 0.7465, 0.7031, 0.7262, 0.1510, 0.0000, 0.0426, 0.0000, 0.2300, 0.3632, 0.2101, 0.0007, 0.7750, 0.0000, 0.0009, 
116  [VUI  4  3  1  0  2 ]  0.8343, 0.5697, 1.0000, 0.3203, 0.9417, 0.9473, 1.0000, 0.3076, 0.4500, 0.5905, 0.9878, 0.5914, 0.9189, 0.3117, 0.2172, 0.3379, 1.0000, 0.9880, 0.5188, 1.0000, 0.3009, 0.5281, 0.5622, 0.4508, 0.4998, 0.2421, 0.4062, 0.4540, 0.4903, 0.8125, 0.2367, 0.2332, 1.0000, 0.9688, 0.9717, 0.9787, 0.9793, 0.9697, 0.8903, 0.7455, 0.6375, 0.9798, 0.9398, 0.9541, 0.3697, 1.0000, 0.2421, 0.2370, 
117  [VUI  4  3  1  2  0 ]  0.8292, 0.5648, 0.9943, 0.3201, 0.9359, 0.9422, 0.9973, 0.3056, 0.4464, 0.5864, 0.9822, 0.5855, 0.9124, 0.3111, 0.2151, 0.3344, 0.9981, 0.9882, 0.5135, 0.9978, 0.2981, 0.5248, 0.5606, 0.4440, 0.4948, 0.2374, 0.4066, 0.4479, 0.4871, 0.8085, 0.2322, 0.2320, 0.9991, 0.9679, 0.9712, 0.9775, 0.9775, 0.9658, 0.8812, 0.7374, 0.6309, 0.9729, 0.9357, 0.9531, 0.3690, 0.9976, 0.2326, 0.2327, 
118  [VUI  4  3  2  0  1 ]  0.7201, 0.3264, 0.8296, 0.4219, 0.4630, 0.5347, 0.7565, 0.3135, 0.3168, 0.3480, 0.5181, 0.3360, 0.4486, 0.3741, 0.3441, 0.3700, 0.7744, 0.9136, 0.4389, 0.9205, 0.2945, 0.3472, 0.3894, 0.3017, 0.2151, 0.2275, 0.6517, 0.2504, 0.2529, 0.2152, 0.3427, 0.3647, 0.8769, 0.8613, 0.9296, 0.8487, 0.9203, 0.6515, 0.3864, 0.4027, 0.3865, 0.5820, 0.6863, 0.6506, 0.4175, 0.8279, 0.1559, 0.2996, 
119  [VUI  4  3  2  1  0 ]  0.7165, 0.3248, 0.8263, 0.4203, 0.4637, 0.5353, 0.7572, 0.3114, 0.3150, 0.3473, 0.5189, 0.3336, 0.4486, 0.3726, 0.3403, 0.3660, 0.7755, 0.9148, 0.4346, 0.9194, 0.2918, 0.3463, 0.3901, 0.2969, 0.2140, 0.2230, 0.6487, 0.2472, 0.2530, 0.2194, 0.3368, 0.3616, 0.8776, 0.8619, 0.9296, 0.8493, 0.9194, 0.6519, 0.3843, 0.3994, 0.3834, 0.5806, 0.6857, 0.6537, 0.4162, 0.8279, 0.1477, 0.2944, 

Computing best position for each actor
Best for 00 is [VUI  4  0  2  3  1 ]
Best for 01 is [VUI  0  1  2  3  4 ]
Best for 02 is [VUI  4  3  1  0  2 ]
Best for 03 is [VUI  0  2  1  3  4 ]
Best for 04 is [VUI  1  3  4  0  2 ]
Best for 05 is [VUI  3  1  4  0  2 ]
Best for 06 is [VUI  4  3  1  0  2 ]
Best for 07 is [VUI  0  2  1  3  4 ]
Best for 08 is [VUI  0  1  2  4  3 ]
Best for 09 is [VUI  0  1  2  3  4 ]
Best for 10 is [VUI  1  3  4  0  2 ]
Best for 11 is [VUI  0  1  2  3  4 ]
Best for 12 is [VUI  1  3  4  0  2 ]
Best for 13 is [VUI  0  2  1  3  4 ]
Best for 14 is [VUI  0  2  1  3  4 ]
Best for 15 is [VUI  0  2  1  3  4 ]
Best for 16 is [VUI  4  3  1  0  2 ]
Best for 17 is [VUI  4  1  3  2  0 ]
Best for 18 is [VUI  0  3  2  1  4 ]
Best for 19 is [VUI  4  3  1  0  2 ]
Best for 20 is [VUI  0  1  2  3  4 ]
Best for 21 is [VUI  0  1  2  3  4 ]
Best for 22 is [VUI  1  0  2  3  4 ]
Best for 23 is [VUI  0  3  2  1  4 ]
Best for 24 is [VUI  0  1  2  3  4 ]
Best for 25 is [VUI  0  1  2  3  4 ]
Best for 26 is [VUI  2  0  3  1  4 ]
Best for 27 is [VUI  0  1  2  3  4 ]
Best for 28 is [VUI  1  0  2  4  3 ]
Best for 29 is [VUI  1  0  2  4  3 ]
Best for 30 is [VUI  0  2  4  1  3 ]
Best for 31 is [VUI  0  2  1  3  4 ]
Best for 32 is [VUI  4  3  1  0  2 ]
Best for 33 is [VUI  3  4  1  0  2 ]
Best for 34 is [VUI  3  4  1  0  2 ]
Best for 35 is [VUI  3  4  1  0  2 ]
Best for 36 is [VUI  3  4  1  0  2 ]
Best for 37 is [VUI  4  1  3  0  2 ]
Best for 38 is [VUI  0  1  2  3  4 ]
Best for 39 is [VUI  0  1  2  4  3 ]
Best for 40 is [VUI  0  1  2  3  4 ]
Best for 41 is [VUI  4  1  3  0  2 ]
Best for 42 is [VUI  4  0  2  1  3 ]
Best for 43 is [VUI  1  4  3  0  2 ]
Best for 44 is [VUI  0  2  1  3  4 ]
Best for 45 is [VUI  4  3  1  0  2 ]
Best for 46 is [VUI  0  1  2  3  4 ]
Best for 47 is [VUI  0  2  1  3  4 ]
Computing zeta ... 
Sorting positions from most to least net support ...
Displaying highest 120
   0:  116  804.84  [VUI  4  3  1  0  2 ]
   1:  106  804.30  [VUI  4  1  3  0  2 ]
   2:  117  800.67  [VUI  4  3  1  2  0 ]
   3:  107  800.14  [VUI  4  1  3  2  0 ]
   4:   92  799.42  [VUI  3  4  1  0  2 ]
   5:   46  798.25  [VUI  1  4  3  0  2 ]
   6:   93  795.25  [VUI  3  4  1  2  0 ]
   7:   82  794.27  [VUI  3  1  4  0  2 ]
   8:   47  794.09  [VUI  1  4  3  2  0 ]
   9:   40  793.65  [VUI  1  3  4  0  2 ]
  10:   83  790.11  [VUI  3  1  4  2  0 ]
  11:   41  789.48  [VUI  1  3  4  2  0 ]
  12:   21  771.56  [VUI  0  4  2  3  1 ]
  13:   20  771.52  [VUI  0  4  2  1  3 ]
  14:   99  751.59  [VUI  4  0  2  3  1 ]
  15:   98  751.55  [VUI  4  0  2  1  3 ]
  16:   15  743.06  [VUI  0  3  2  4  1 ]
  17:   14  742.69  [VUI  0  3  2  1  4 ]
  18:    1  739.72  [VUI  0  1  2  4  3 ]
  19:    0  739.38  [VUI  0  1  2  3  4 ]
  20:   11  730.89  [VUI  0  2  4  3  1 ]
  21:   10  730.86  [VUI  0  2  4  1  3 ]
  22:   75  717.66  [VUI  3  0  2  4  1 ]
  23:   74  717.29  [VUI  3  0  2  1  4 ]
  24:   25  713.69  [VUI  1  0  2  4  3 ]
  25:   24  713.36  [VUI  1  0  2  3  4 ]
  26:    9  707.00  [VUI  0  2  3  4  1 ]
  27:    8  706.63  [VUI  0  2  3  1  4 ]
  28:    7  704.19  [VUI  0  2  1  4  3 ]
  29:    6  703.86  [VUI  0  2  1  3  4 ]
  30:  109  693.95  [VUI  4  2  0  3  1 ]
  31:  108  693.91  [VUI  4  2  0  1  3 ]
  32:   53  663.08  [VUI  2  0  4  3  1 ]
  33:   52  663.04  [VUI  2  0  4  1  3 ]
  34:   85  660.02  [VUI  3  2  0  4  1 ]
  35:   84  659.65  [VUI  3  2  0  1  4 ]
  36:   31  656.05  [VUI  1  2  0  4  3 ]
  37:   30  655.72  [VUI  1  2  0  3  4 ]
  38:   67  646.11  [VUI  2  4  0  3  1 ]
  39:   66  646.07  [VUI  2  4  0  1  3 ]
  40:   51  639.19  [VUI  2  0  3  4  1 ]
  41:   50  638.82  [VUI  2  0  3  1  4 ]
  42:   49  636.38  [VUI  2  0  1  4  3 ]
  43:   48  636.05  [VUI  2  0  1  3  4 ]
  44:  118  618.09  [VUI  4  3  2  0  1 ]
  45:   61  617.60  [VUI  2  3  0  4  1 ]
  46:   60  617.23  [VUI  2  3  0  1  4 ]
  47:  119  616.49  [VUI  4  3  2  1  0 ]
  48:  104  614.75  [VUI  4  1  2  0  3 ]
  49:   55  614.26  [VUI  2  1  0  4  3 ]
  50:   54  613.93  [VUI  2  1  0  3  4 ]
  51:  105  613.19  [VUI  4  1  2  3  0 ]
  52:   94  612.67  [VUI  3  4  2  0  1 ]
  53:   95  611.07  [VUI  3  4  2  1  0 ]
  54:   44  608.70  [VUI  1  4  2  0  3 ]
  55:   45  607.14  [VUI  1  4  2  3  0 ]
  56:  112  582.03  [VUI  4  2  3  0  1 ]
  57:   80  580.49  [VUI  3  1  2  0  4 ]
  58:  113  580.43  [VUI  4  2  3  1  0 ]
  59:   38  579.86  [VUI  1  3  2  0  4 ]
  60:   81  579.26  [VUI  3  1  2  4  0 ]
  61:  110  579.22  [VUI  4  2  1  0  3 ]
  62:   39  578.63  [VUI  1  3  2  4  0 ]
  63:  111  577.66  [VUI  4  2  1  3  0 ]
  64:   88  572.00  [VUI  3  2  4  0  1 ]
  65:   89  570.40  [VUI  3  2  4  1  0 ]
  66:   34  568.03  [VUI  1  2  4  0  3 ]
  67:   35  566.47  [VUI  1  2  4  3  0 ]
  68:   86  544.97  [VUI  3  2  1  0  4 ]
  69:   32  543.80  [VUI  1  2  3  0  4 ]
  70:   87  543.74  [VUI  3  2  1  4  0 ]
  71:   33  542.58  [VUI  1  2  3  4  0 ]
  72:   70  534.19  [VUI  2  4  3  0  1 ]
  73:   71  532.59  [VUI  2  4  3  1  0 ]
  74:   68  531.38  [VUI  2  4  1  0  3 ]
  75:   69  529.82  [VUI  2  4  1  3  0 ]
  76:   64  529.58  [VUI  2  3  4  0  1 ]
  77:   65  527.98  [VUI  2  3  4  1  0 ]
  78:   58  526.24  [VUI  2  1  4  0  3 ]
  79:   59  524.68  [VUI  2  1  4  3  0 ]
  80:   62  502.55  [VUI  2  3  1  0  4 ]
  81:   56  502.01  [VUI  2  1  3  0  4 ]
  82:   63  501.32  [VUI  2  3  1  4  0 ]
  83:   57  500.79  [VUI  2  1  3  4  0 ]
  84:   22  439.37  [VUI  0  4  3  1  2 ]
  85:   19  439.33  [VUI  0  4  1  3  2 ]
  86:   23  436.81  [VUI  0  4  3  2  1 ]
  87:   18  436.72  [VUI  0  4  1  2  3 ]
  88:  100  419.40  [VUI  4  0  3  1  2 ]
  89:   97  419.36  [VUI  4  0  1  3  2 ]
  90:  101  416.84  [VUI  4  0  3  2  1 ]
  91:   96  416.75  [VUI  4  0  1  2  3 ]
  92:   16  411.26  [VUI  0  3  4  1  2 ]
  93:   13  410.83  [VUI  0  3  1  4  2 ]
  94:   17  408.70  [VUI  0  3  4  2  1 ]
  95:    5  407.96  [VUI  0  1  4  3  2 ]
  96:   12  407.89  [VUI  0  3  1  2  4 ]
  97:    3  407.57  [VUI  0  1  3  4  2 ]
  98:    4  405.36  [VUI  0  1  4  2  3 ]
  99:    2  404.63  [VUI  0  1  3  2  4 ]
 100:   76  385.87  [VUI  3  0  4  1  2 ]
 101:   73  385.43  [VUI  3  0  1  4  2 ]
 102:   77  383.30  [VUI  3  0  4  2  1 ]
 103:   72  382.50  [VUI  3  0  1  2  4 ]
 104:   29  381.94  [VUI  1  0  4  3  2 ]
 105:   27  381.55  [VUI  1  0  3  4  2 ]
 106:   28  379.33  [VUI  1  0  4  2  3 ]
 107:   26  378.61  [VUI  1  0  3  2  4 ]
 108:  114  287.74  [VUI  4  3  0  1  2 ]
 109:  115  285.17  [VUI  4  3  0  2  1 ]
 110:  103  284.43  [VUI  4  1  0  3  2 ]
 111:   90  282.32  [VUI  3  4  0  1  2 ]
 112:  102  281.83  [VUI  4  1  0  2  3 ]
 113:   91  279.75  [VUI  3  4  0  2  1 ]
 114:   43  278.38  [VUI  1  4  0  3  2 ]
 115:   42  275.78  [VUI  1  4  0  2  3 ]
 116:   79  250.51  [VUI  3  1  0  4  2 ]
 117:   37  249.88  [VUI  1  3  0  4  2 ]
 118:   78  247.57  [VUI  3  1  0  2  4 ]
 119:   36  246.94  [VUI  1  3  0  2  4 ]
Starting Model::run iteration 1

State number 0
Position 00: [VUI  4  0  2  3  1 ]
Position 01: [VUI  0  1  2  3  4 ]
Position 02: [VUI  4  3  1  0  2 ]
Position 03: [VUI  0  2  1  3  4 ]
Position 04: [VUI  1  3  4  0  2 ]
Position 05: [VUI  3  1  4  0  2 ]
Position 06: [VUI  4  3  1  0  2 ]
Position 07: [VUI  0  2  1  3  4 ]
Position 08: [VUI  0  1  2  4  3 ]
Position 09: [VUI  0  1  2  3  4 ]
Position 10: [VUI  1  3  4  0  2 ]
Position 11: [VUI  0  1  2  3  4 ]
Position 12: [VUI  1  3  4  0  2 ]
Position 13: [VUI  0  2  1  3  4 ]
Position 14: [VUI  0  2  1  3  4 ]
Position 15: [VUI  0  2  1  3  4 ]
Position 16: [VUI  4  3  1  0  2 ]
Position 17: [VUI  4  1  3  2  0 ]
Position 18: [VUI  0  3  2  1  4 ]
Position 19: [VUI  4  3  1  0  2 ]
Position 20: [VUI  0  1  2  3  4 ]
Position 21: [VUI  0  1  2  3  4 ]
Position 22: [VUI  1  0  2  3  4 ]
Position 23: [VUI  0  3  2  1  4 ]
Position 24: [VUI  0  1  2  3  4 ]
Position 25: [VUI  0  1  2  3  4 ]
Position 26: [VUI  2  0  3  1  4 ]
Position 27: [VUI  0  1  2  3  4 ]
Position 28: [VUI  1  0  2  4  3 ]
Position 29: [VUI  1  0  2  4  3 ]
Position 30: [VUI  0  2  4  1  3 ]
Position 31: [VUI  0  2  1  3  4 ]
Position 32: [VUI  4  3  1  0  2 ]
Position 33: [VUI  3  4  1  0  2 ]
Position 34: [VUI  3  4  1  0  2 ]
Position 35: [VUI  3  4  1  0  2 ]
Position 36: [VUI  3  4  1  0  2 ]
Position 37: [VUI  4  1  3  0  2 ]
Position 38: [VUI  0  1  2  3  4 ]
Position 39: [VUI  0  1  2  4  3 ]
Position 40: [VUI  0  1  2  3  4 ]
Position 41: [VUI  4  1  3  0  2 ]
Position 42: [VUI  4  0  2  1  3 ]
Position 43: [VUI  1  4  3  0  2 ]
Position 44: [VUI  0  2  1  3  4 ]
Position 45: [VUI  4  3  1  0  2 ]
Position 46: [VUI  0  1  2  3  4 ]
Position 47: [VUI  0  2  1  3  4 ]
Number of aUtils: 48
There are 17 unique positions 
   0:  0.0198 
   1:  0.0658 
   2:  0.1773 
   3:  0.0000 
   4:  0.0503 
   5:  0.0480 
   8:  0.0922 
  17:  0.0005 
  18:  0.0263 
  22:  0.0004 
  26:  0.0000 
  28:  0.0007 
  30:  0.0074 
  33:  0.0810 
  37:  0.3147 
  42:  0.0193 
  43:  0.0961 

Actor expected utilities: 0.7081, 0.8319, 0.5831, 0.7211, 0.7475, 0.5383, 0.4644, 0.7279, 0.7860, 0.8410, 0.7029, 0.8405, 0.9327, 0.7231, 0.6753, 0.7332, 0.4829, 0.6406, 0.7789, 0.4892, 0.7251, 0.8157, 0.8244, 0.7539, 0.8068, 0.7006, 0.6406, 0.7852, 0.8044, 0.8971, 0.6737, 0.6818, 0.4645, 0.4764, 0.4869, 0.4683, 0.5053, 0.8214, 0.9600, 0.9020, 0.8584, 0.7834, 0.7963, 0.7562, 0.7472, 0.4350, 0.6973, 0.6899, 


Starting Model::run iteration 2

State number 1
Position 00: [VUI  0  4  2  3  1 ]
Position 01: [VUI  1  2  0  3  4 ]
Position 02: [VUI  4  3  1  2  0 ]
Position 03: [VUI  0  2  1  4  3 ]
Position 04: [VUI  4  3  2  0  1 ]
Position 05: [VUI  4  3  2  0  1 ]
Position 06: [VUI  4  3  2  1  0 ]
Position 07: [VUI  0  2  1  4  3 ]
Position 08: [VUI  0  2  1  4  3 ]
Position 09: [VUI  1  2  0  3  4 ]
Position 10: [VUI  4  3  2  0  1 ]
Position 11: [VUI  1  2  0  3  4 ]
Position 12: [VUI  1  3  4  2  0 ]
Position 13: [VUI  0  2  1  4  3 ]
Position 14: [VUI  0  2  1  4  3 ]
Position 15: [VUI  0  2  1  4  3 ]
Position 16: [VUI  4  3  2  1  0 ]
Position 17: [VUI  4  1  3  2  0 ]
Position 18: [VUI  0  4  2  3  1 ]
Position 19: [VUI  4  3  1  2  0 ]
Position 20: [VUI  1  2  0  3  4 ]
Position 21: [VUI  1  2  0  3  4 ]
Position 22: [VUI  1  2  0  3  4 ]
Position 23: [VUI  1  2  0  3  4 ]
Position 24: [VUI  1  2  0  3  4 ]
Position 25: [VUI  1  2  0  3  4 ]
Position 26: [VUI  2  0  1  4  3 ]
Position 27: [VUI  1  2  0  3  4 ]
Position 28: [VUI  0  2  1  4  3 ]
Position 29: [VUI  0  2  1  4  3 ]
Position 30: [VUI  0  2  1  4  3 ]
Position 31: [VUI  0  2  1  4  3 ]
Position 32: [VUI  4  3  1  2  0 ]
Position 33: [VUI  4  3  2  1  0 ]
Position 34: [VUI  4  3  2  1  0 ]
Position 35: [VUI  4  3  2  1  0 ]
Position 36: [VUI  4  3  2  1  0 ]
Position 37: [VUI  4  3  2  0  1 ]
Position 38: [VUI  1  2  0  3  4 ]
Position 39: [VUI  0  4  2  1  3 ]
Position 40: [VUI  1  2  0  3  4 ]
Position 41: [VUI  4  3  2  0  1 ]
Position 42: [VUI  0  4  2  1  3 ]
Position 43: [VUI  1  4  3  0  2 ]
Position 44: [VUI  0  2  1  4  3 ]
Position 45: [VUI  4  3  1  2  0 ]
Position 46: [VUI  0  4  2  1  3 ]
Position 47: [VUI  0  2  1  4  3 ]
Number of aUtils: 48
There are 11 unique positions 
   0:  0.1023 
   1:  0.0011 
   2:  0.2142 
   3:  0.0332 
   4:  0.0000 
   6:  0.0000 
  12:  0.0924 
  17:  0.2198 
  26:  0.0000 
  39:  0.0990 
  43:  0.2380 

Actor expected utilities: 0.8366, 0.6064, 0.9222, 0.4138, 0.8682, 0.8203, 0.8732, 0.4031, 0.5232, 0.6231, 0.9051, 0.6343, 0.9015, 0.4071, 0.3296, 0.4261, 0.9054, 0.9415, 0.5707, 0.9160, 0.3957, 0.5692, 0.6055, 0.5054, 0.5509, 0.3503, 0.4593, 0.5156, 0.5574, 0.8083, 0.3548, 0.3407, 0.9010, 0.8428, 0.8526, 0.8519, 0.8670, 0.9436, 0.8864, 0.7913, 0.6821, 0.9476, 0.9403, 0.8985, 0.4528, 0.8802, 0.3576, 0.3506, 


Starting Model::run iteration 3

State number 2
Position 00: [VUI  0  2  4  3  1 ]
Position 01: [VUI  0  1  2  3  4 ]
Position 02: [VUI  4  3  1  0  2 ]
Position 03: [VUI  0  1  2  4  3 ]
Position 04: [VUI  1  3  4  0  2 ]
Position 05: [VUI  4  3  1  0  2 ]
Position 06: [VUI  4  3  1  0  2 ]
Position 07: [VUI  0  1  2  4  3 ]
Position 08: [VUI  0  1  2  4  3 ]
Position 09: [VUI  0  1  2  3  4 ]
Position 10: [VUI  4  1  3  0  2 ]
Position 11: [VUI  0  1  2  3  4 ]
Position 12: [VUI  1  4  3  2  0 ]
Position 13: [VUI  0  1  2  4  3 ]
Position 14: [VUI  0  1  2  4  3 ]
Position 15: [VUI  0  1  2  4  3 ]
Position 16: [VUI  4  1  3  0  2 ]
Position 17: [VUI  4  1  3  0  2 ]
Position 18: [VUI  0  1  2  4  3 ]
Position 19: [VUI  4  3  1  0  2 ]
Position 20: [VUI  0  1  2  3  4 ]
Position 21: [VUI  0  1  2  3  4 ]
Position 22: [VUI  0  1  2  3  4 ]
Position 23: [VUI  0  1  2  3  4 ]
Position 24: [VUI  0  1  2  3  4 ]
Position 25: [VUI  0  1  2  3  4 ]
Position 26: [VUI  2  0  4  3  1 ]
Position 27: [VUI  0  1  2  3  4 ]
Position 28: [VUI  0  1  2  4  3 ]
Position 29: [VUI  0  1  2  4  3 ]
Position 30: [VUI  0  1  2  4  3 ]
Position 31: [VUI  0  1  2  4  3 ]
Position 32: [VUI  4  3  1  0  2 ]
Position 33: [VUI  4  3  1  0  2 ]
Position 34: [VUI  4  3  1  0  2 ]
Position 35: [VUI  4  3  1  0  2 ]
Position 36: [VUI  4  3  1  0  2 ]
Position 37: [VUI  4  1  3  0  2 ]
Position 38: [VUI  0  1  2  3  4 ]
Position 39: [VUI  0  1  2  4  3 ]
Position 40: [VUI  0  1  2  3  4 ]
Position 41: [VUI  4  1  3  0  2 ]
Position 42: [VUI  4  0  2  1  3 ]
Position 43: [VUI  4  1  3  0  2 ]
Position 44: [VUI  0  1  2  4  3 ]
Position 45: [VUI  4  3  1  0  2 ]
Position 46: [VUI  0  1  2  4  3 ]
Position 47: [VUI  0  1  2  4  3 ]
Number of aUtils: 48
There are 9 unique positions 
   0:  0.0593 
   1:  0.0552 
   2:  0.2264 
   3:  0.0763 
   4:  0.1296 
  10:  0.2417 
  12:  0.1213 
  26:  0.0000 
  42:  0.0902 

Actor expected utilities: 0.8274, 0.5877, 0.9660, 0.3459, 0.9358, 0.9181, 0.9643, 0.3360, 0.4766, 0.6100, 0.9782, 0.6094, 0.9311, 0.3400, 0.2412, 0.3562, 0.9773, 0.9774, 0.5269, 0.9677, 0.3275, 0.5480, 0.5881, 0.4609, 0.5266, 0.2679, 0.4063, 0.4740, 0.5253, 0.8492, 0.2565, 0.2581, 0.9703, 0.9278, 0.9287, 0.9383, 0.9363, 0.9739, 0.9015, 0.7649, 0.6535, 0.9784, 0.9479, 0.9560, 0.3945, 0.9618, 0.2604, 0.2594, 


Starting Model::run iteration 4

State number 3
Position 00: [VUI  0  4  2  3  1 ]
Position 01: [VUI  0  2  1  3  4 ]
Position 02: [VUI  4  3  1  2  0 ]
Position 03: [VUI  0  4  2  1  3 ]
Position 04: [VUI  1  4  3  0  2 ]
Position 05: [VUI  3  4  1  0  2 ]
Position 06: [VUI  4  3  1  2  0 ]
Position 07: [VUI  0  4  2  1  3 ]
Position 08: [VUI  0  2  1  4  3 ]
Position 09: [VUI  0  2  1  3  4 ]
Position 10: [VUI  1  4  3  0  2 ]
Position 11: [VUI  0  2  1  3  4 ]
Position 12: [VUI  1  4  3  0  2 ]
Position 13: [VUI  0  4  2  1  3 ]
Position 14: [VUI  0  4  2  1  3 ]
Position 15: [VUI  0  4  2  1  3 ]
Position 16: [VUI  4  1  3  2  0 ]
Position 17: [VUI  4  1  3  2  0 ]
Position 18: [VUI  0  4  2  1  3 ]
Position 19: [VUI  4  3  1  2  0 ]
Position 20: [VUI  0  4  2  1  3 ]
Position 21: [VUI  0  2  1  3  4 ]
Position 22: [VUI  0  2  1  3  4 ]
Position 23: [VUI  0  4  2  1  3 ]
Position 24: [VUI  0  2  1  3  4 ]
Position 25: [VUI  0  4  2  1  3 ]
Position 26: [VUI  0  4  2  3  1 ]
Position 27: [VUI  0  2  1  3  4 ]
Position 28: [VUI  0  2  1  4  3 ]
Position 29: [VUI  1  0  2  4  3 ]
Position 30: [VUI  0  4  2  1  3 ]
Position 31: [VUI  0  4  2  1  3 ]
Position 32: [VUI  4  3  1  2  0 ]
Position 33: [VUI  4  3  1  2  0 ]
Position 34: [VUI  4  3  1  2  0 ]
Position 35: [VUI  4  3  1  2  0 ]
Position 36: [VUI  4  3  1  2  0 ]
Position 37: [VUI  4  1  3  2  0 ]
Position 38: [VUI  0  2  1  3  4 ]
Position 39: [VUI  0  4  2  1  3 ]
Position 40: [VUI  0  4  2  1  3 ]
Position 41: [VUI  4  1  3  2  0 ]
Position 42: [VUI  0  4  2  1  3 ]
Position 43: [VUI  1  4  3  0  2 ]
Position 44: [VUI  0  2  1  4  3 ]
Position 45: [VUI  4  3  1  2  0 ]
Position 46: [VUI  0  4  2  1  3 ]
Position 47: [VUI  0  4  2  1  3 ]
Number of aUtils: 48
There are 9 unique positions 
   0:  0.1284 
   1:  0.0183 
   2:  0.1764 
   3:  0.1245 
   4:  0.1563 
   5:  0.1578 
   8:  0.0254 
  16:  0.1706 
  29:  0.0423 

Actor expected utilities: 0.8383, 0.5975, 0.9372, 0.3966, 0.8795, 0.8407, 0.8961, 0.3853, 0.5094, 0.6150, 0.9191, 0.6249, 0.9033, 0.3896, 0.3090, 0.4090, 0.9252, 0.9533, 0.5597, 0.9340, 0.3777, 0.5596, 0.5966, 0.4932, 0.5400, 0.3300, 0.4487, 0.5026, 0.5452, 0.8086, 0.3337, 0.3209, 0.9213, 0.8645, 0.8733, 0.8741, 0.8867, 0.9495, 0.8853, 0.7836, 0.6730, 0.9547, 0.9434, 0.9086, 0.4372, 0.9028, 0.3359, 0.3297, 


Starting Model::run iteration 5

State number 4
Position 00: [VUI  0  2  4  3  1 ]
Position 01: [VUI  0  1  2  3  4 ]
Position 02: [VUI  4  3  1  0  2 ]
Position 03: [VUI  0  1  2  4  3 ]
Position 04: [VUI  4  1  3  0  2 ]
Position 05: [VUI  4  3  1  0  2 ]
Position 06: [VUI  4  3  1  0  2 ]
Position 07: [VUI  0  1  2  4  3 ]
Position 08: [VUI  0  1  2  4  3 ]
Position 09: [VUI  0  1  2  3  4 ]
Position 10: [VUI  4  1  3  0  2 ]
Position 11: [VUI  0  1  2  3  4 ]
Position 12: [VUI  1  4  3  2  0 ]
Position 13: [VUI  0  1  2  4  3 ]
Position 14: [VUI  0  1  2  4  3 ]
Position 15: [VUI  0  1  2  4  3 ]
Position 16: [VUI  4  3  1  0  2 ]
Position 17: [VUI  4  1  3  0  2 ]
Position 18: [VUI  0  1  2  3  4 ]
Position 19: [VUI  4  3  1  0  2 ]
Position 20: [VUI  0  1  2  4  3 ]
Position 21: [VUI  0  1  2  3  4 ]
Position 22: [VUI  0  1  2  3  4 ]
Position 23: [VUI  0  1  2  3  4 ]
Position 24: [VUI  0  1  2  3  4 ]
Position 25: [VUI  0  1  2  4  3 ]
Position 26: [VUI  0  1  2  3  4 ]
Position 27: [VUI  0  1  2  3  4 ]
Position 28: [VUI  0  1  2  4  3 ]
Position 29: [VUI  0  1  2  4  3 ]
Position 30: [VUI  0  1  2  4  3 ]
Position 31: [VUI  0  1  2  4  3 ]
Position 32: [VUI  4  3  1  0  2 ]
Position 33: [VUI  4  3  1  0  2 ]
Position 34: [VUI  4  3  1  0  2 ]
Position 35: [VUI  4  3  1  0  2 ]
Position 36: [VUI  4  3  1  0  2 ]
Position 37: [VUI  4  1  3  0  2 ]
Position 38: [VUI  0  1  2  3  4 ]
Position 39: [VUI  0  1  2  4  3 ]
Position 40: [VUI  0  1  2  4  3 ]
Position 41: [VUI  4  1  3  0  2 ]
Position 42: [VUI  4  0  2  1  3 ]
Position 43: [VUI  4  1  3  0  2 ]
Position 44: [VUI  0  1  2  4  3 ]
Position 45: [VUI  4  3  1  0  2 ]
Position 46: [VUI  0  1  2  4  3 ]
Position 47: [VUI  0  1  2  4  3 ]
Number of aUtils: 48
There are 7 unique positions 
   0:  0.0578 
   1:  0.0787 
   2:  0.2499 
   3:  0.1085 
   4:  0.2583 
  12:  0.1460 
  42:  0.1008 

Actor expected utilities: 0.8283, 0.5863, 0.9687, 0.3444, 0.9356, 0.9197, 0.9666, 0.3342, 0.4747, 0.6083, 0.9783, 0.6080, 0.9297, 0.3382, 0.2400, 0.3553, 0.9787, 0.9781, 0.5267, 0.9702, 0.3258, 0.5464, 0.5860, 0.4605, 0.5245, 0.2665, 0.4068, 0.4727, 0.5225, 0.8455, 0.2558, 0.2567, 0.9723, 0.9305, 0.9317, 0.9409, 0.9394, 0.9733, 0.9003, 0.7635, 0.6524, 0.9784, 0.9473, 0.9553, 0.3929, 0.9644, 0.2599, 0.2584, 


Starting Model::run iteration 6

State number 5
Position 00: [VUI  0  4  2  3  1 ]
Position 01: [VUI  0  2  1  3  4 ]
Position 02: [VUI  4  3  1  2  0 ]
Position 03: [VUI  0  2  1  4  3 ]
Position 04: [VUI  1  4  3  0  2 ]
Position 05: [VUI  3  4  1  0  2 ]
Position 06: [VUI  4  3  1  2  0 ]
Position 07: [VUI  0  2  1  4  3 ]
Position 08: [VUI  0  2  1  4  3 ]
Position 09: [VUI  0  2  1  3  4 ]
Position 10: [VUI  4  1  3  2  0 ]
Position 11: [VUI  0  2  1  3  4 ]
Position 12: [VUI  1  4  3  0  2 ]
Position 13: [VUI  0  2  1  4  3 ]
Position 14: [VUI  0  2  1  4  3 ]
Position 15: [VUI  0  2  1  4  3 ]
Position 16: [VUI  4  1  3  2  0 ]
Position 17: [VUI  4  1  3  2  0 ]
Position 18: [VUI  0  2  1  3  4 ]
Position 19: [VUI  4  3  1  2  0 ]
Position 20: [VUI  0  2  1  4  3 ]
Position 21: [VUI  0  2  1  3  4 ]
Position 22: [VUI  0  2  1  3  4 ]
Position 23: [VUI  0  2  1  3  4 ]
Position 24: [VUI  0  2  1  3  4 ]
Position 25: [VUI  0  2  1  4  3 ]
Position 26: [VUI  0  4  2  3  1 ]
Position 27: [VUI  0  2  1  3  4 ]
Position 28: [VUI  0  2  1  4  3 ]
Position 29: [VUI  0  2  1  4  3 ]
Position 30: [VUI  0  4  2  1  3 ]
Position 31: [VUI  0  2  1  4  3 ]
Position 32: [VUI  4  3  1  2  0 ]
Position 33: [VUI  4  3  1  2  0 ]
Position 34: [VUI  4  3  1  2  0 ]
Position 35: [VUI  4  3  1  2  0 ]
Position 36: [VUI  4  3  1  2  0 ]
Position 37: [VUI  4  1  3  2  0 ]
Position 38: [VUI  0  2  1  3  4 ]
Position 39: [VUI  0  4  2  1  3 ]
Position 40: [VUI  0  2  1  4  3 ]
Position 41: [VUI  4  1  3  2  0 ]
Position 42: [VUI  0  4  2  1  3 ]
Position 43: [VUI  1  4  3  0  2 ]
Position 44: [VUI  0  2  1  4  3 ]
Position 45: [VUI  4  3  1  2  0 ]
Position 46: [VUI  0  4  2  1  3 ]
Position 47: [VUI  0  4  2  1  3 ]
Number of aUtils: 48
There are 8 unique positions 
   0:  0.1270 
   1:  0.0269 
   2:  0.1840 
   3:  0.0370 
   4:  0.1608 
   5:  0.1641 
  10:  0.1771 
  30:  0.1230 

Actor expected utilities: 0.8551, 0.6043, 0.9229, 0.4356, 0.8350, 0.7800, 0.8454, 0.4239, 0.5358, 0.6171, 0.8741, 0.6383, 0.8818, 0.4278, 0.3639, 0.4520, 0.8896, 0.9390, 0.5879, 0.9153, 0.4177, 0.5663, 0.6003, 0.5210, 0.5497, 0.3815, 0.4823, 0.5262, 0.5601, 0.7730, 0.3994, 0.3708, 0.8881, 0.8157, 0.8315, 0.8251, 0.8509, 0.9335, 0.8751, 0.8039, 0.6911, 0.9422, 0.9465, 0.8699, 0.4695, 0.8614, 0.4029, 0.3885, 


State number 6 matched state number 4 
  Finish time: Fri Jul  1 10:47:13 2016

  Elapsed time: 11.0924 seconds 
