  Software version: rpdemo 0.2
  Start time: Fri Jul  1 10:43:45 2016

Using PRNG seed:  15455440707583219804 
Same seed in hex:   0xD67CC16FE69C185C 
Generating default name from UTC start time
Scenario assigned name: -|Scenario-UTC-2016-07-01-0743-45|-
Name of scenario: ReformPriorities_avg_ref
Found 5 categories 
Found 5 items 
pDecline factor: 0.850 
obFactor: 0.100 
Found 56 actors 
done reading XML
There are 56 actors and 5 reform items 
Computing positions ... 
For 5 reform items there are 120 positions
Computing utilities of positions ... 
Effective gov costs:
33.000 26.000 15.000 28.000 34.000 

Complete (normalized) utility matrix of all possible positions (rows) versus actors (columns)
  0  [VUI  0  1  2  3  4 ]  0.4190, 0.9934, 0.1471, 0.9728, 0.4231, 0.2036, 0.0926, 0.9855, 0.9999, 0.8678, 0.3015, 0.8380, 0.4309, 0.9625, 0.9659, 1.0000, 0.0554, 0.1969, 0.8137, 0.0696, 1.0000, 0.9179, 0.9789, 0.8406, 0.9623, 0.9953, 0.7408, 1.0000, 0.9625, 0.7329, 0.9584, 0.9802, 0.0355, 0.0469, 0.0149, 0.0486, 0.0394, 0.0327, 0.4676, 0.6255, 0.6726, 0.7401, 0.4348, 0.7430, 0.3304, 0.3709, 0.9856, 0.0712, 0.9116, 0.9718, 0.9525, 0.8278, 0.9525, 0.1520, 0.6327, 0.4931, 
  1  [VUI  0  1  2  4  3 ]  0.4241, 0.9923, 0.1480, 0.9732, 0.4212, 0.2004, 0.0928, 0.9859, 1.0000, 0.8650, 0.3015, 0.8367, 0.4332, 0.9628, 0.9664, 0.9986, 0.0599, 0.2057, 0.8110, 0.0755, 0.9997, 0.9145, 0.9776, 0.8412, 0.9628, 0.9955, 0.7369, 0.9998, 0.9644, 0.7342, 0.9597, 0.9801, 0.0399, 0.0463, 0.0109, 0.0468, 0.0380, 0.0315, 0.4719, 0.6272, 0.6762, 0.7410, 0.4379, 0.7503, 0.3375, 0.3727, 0.9845, 0.0728, 0.9116, 0.9718, 0.9525, 0.8278, 0.9525, 0.1520, 0.6280, 0.4892, 
  2  [VUI  0  1  3  2  4 ]  0.5287, 1.0000, 0.5617, 0.6191, 0.9721, 0.8620, 0.5541, 0.6933, 0.8442, 1.0000, 0.9231, 0.9990, 0.8285, 0.5764, 0.6528, 0.9003, 0.3022, 0.1298, 0.9774, 0.2685, 0.7900, 1.0000, 0.8858, 0.9485, 0.9623, 0.8262, 0.4211, 0.9657, 0.8474, 0.8436, 0.6470, 0.6855, 0.2570, 0.4826, 0.5241, 0.5139, 0.4866, 0.4635, 0.6411, 0.8717, 0.7296, 0.9354, 0.7323, 0.2197, 0.3565, 0.6172, 0.6865, 0.4673, 0.9988, 0.7771, 0.7062, 0.3045, 0.7062, 0.6753, 0.9677, 0.9583, 
  3  [VUI  0  1  3  4  2 ]  0.5354, 0.9990, 0.5684, 0.6146, 0.9778, 0.8679, 0.5608, 0.6896, 0.8422, 0.9991, 0.9318, 1.0000, 0.8363, 0.5714, 0.6490, 0.8975, 0.3101, 0.1377, 0.9770, 0.2772, 0.7868, 0.9977, 0.8832, 0.9506, 0.9628, 0.8241, 0.4127, 0.9650, 0.8477, 0.8465, 0.6440, 0.6813, 0.2645, 0.4881, 0.5272, 0.5186, 0.4914, 0.4683, 0.6478, 0.8769, 0.7339, 0.9390, 0.7396, 0.2197, 0.3639, 0.6224, 0.6813, 0.4744, 1.0000, 0.7744, 0.7028, 0.2972, 0.7028, 0.6826, 0.9677, 0.9609, 
  4  [VUI  0  1  4  2  3 ]  0.9040, 0.9193, 0.6268, 0.6511, 0.8329, 0.6236, 0.5709, 0.7218, 0.8521, 0.7989, 0.9231, 0.9057, 0.9945, 0.5992, 0.6893, 0.7993, 0.6274, 0.7691, 0.7759, 0.6971, 0.7707, 0.7503, 0.7915, 0.9936, 1.0000, 0.8439, 0.1362, 0.9484, 0.9863, 0.9398, 0.7413, 0.6785, 0.5801, 0.4417, 0.2372, 0.3841, 0.3861, 0.3772, 0.9577, 0.9966, 0.9851, 0.9973, 0.9586, 0.7503, 0.8684, 0.7421, 0.6107, 0.5820, 0.9988, 0.7771, 0.7062, 0.3045, 0.7062, 0.6753, 0.6280, 0.6753, 
  5  [VUI  0  1  4  3  2 ]  0.9055, 0.9194, 0.6326, 0.6462, 0.8406, 0.6328, 0.5773, 0.7177, 0.8500, 0.8007, 0.9318, 0.9080, 1.0000, 0.5938, 0.6849, 0.7979, 0.6308, 0.7682, 0.7782, 0.6999, 0.7677, 0.7514, 0.7902, 0.9951, 1.0000, 0.8416, 0.1317, 0.9479, 0.9847, 0.9414, 0.7369, 0.6744, 0.5832, 0.4477, 0.2443, 0.3906, 0.3923, 0.3832, 0.9601, 1.0000, 0.9859, 1.0000, 0.9627, 0.7430, 0.8688, 0.7455, 0.6065, 0.5875, 1.0000, 0.7744, 0.7028, 0.2972, 0.7028, 0.6826, 0.6327, 0.6818, 
  6  [VUI  0  2  1  3  4 ]  0.3963, 0.9409, 0.1178, 0.9996, 0.3106, 0.1175, 0.0449, 0.9996, 0.9714, 0.8083, 0.1736, 0.7803, 0.3226, 0.9997, 0.9995, 0.9808, 0.0205, 0.1814, 0.8047, 0.0488, 0.9939, 0.8704, 0.9251, 0.8161, 0.9006, 0.9998, 0.8231, 0.9681, 0.8959, 0.6271, 0.9987, 1.0000, 0.0074, 0.0189, 0.0039, 0.0150, 0.0121, 0.0279, 0.4006, 0.5524, 0.6272, 0.6766, 0.3692, 0.7834, 0.2901, 0.2759, 1.0000, 0.0385, 0.8948, 1.0000, 1.0000, 0.9288, 1.0000, 0.0712, 0.6004, 0.4034, 
  7  [VUI  0  2  1  4  3 ]  0.4015, 0.9398, 0.1187, 1.0000, 0.3087, 0.1142, 0.0451, 1.0000, 0.9715, 0.8055, 0.1736, 0.7790, 0.3249, 1.0000, 1.0000, 0.9794, 0.0250, 0.1901, 0.8019, 0.0547, 0.9936, 0.8670, 0.9238, 0.8167, 0.9011, 1.0000, 0.8191, 0.9678, 0.8978, 0.6285, 1.0000, 0.9999, 0.0118, 0.0183, 0.0000, 0.0132, 0.0107, 0.0267, 0.4050, 0.5542, 0.6307, 0.6774, 0.3723, 0.7907, 0.2972, 0.2777, 0.9990, 0.0401, 0.8948, 1.0000, 1.0000, 0.9288, 1.0000, 0.0712, 0.5957, 0.3995, 
  8  [VUI  0  2  3  1  4 ]  0.3887, 0.6755, 0.3806, 0.7848, 0.2763, 0.3291, 0.2592, 0.7804, 0.6678, 0.6319, 0.1322, 0.6423, 0.1589, 0.8067, 0.8610, 0.7814, 0.0863, 0.0338, 0.9217, 0.1400, 0.7521, 0.7062, 0.5529, 0.7970, 0.5808, 0.8540, 0.9296, 0.7682, 0.4355, 0.1895, 0.8965, 0.8081, 0.0830, 0.3093, 0.4566, 0.3058, 0.3177, 0.4336, 0.2271, 0.4198, 0.4483, 0.5423, 0.3267, 0.4694, 0.1074, 0.0297, 0.7757, 0.2648, 0.8948, 0.9513, 1.0000, 0.9288, 1.0000, 0.1759, 0.7679, 0.4034, 
  9  [VUI  0  2  3  4  1 ]  0.3937, 0.6707, 0.3851, 0.7823, 0.2739, 0.3288, 0.2624, 0.7778, 0.6637, 0.6267, 0.1316, 0.6391, 0.1589, 0.8043, 0.8595, 0.7772, 0.0917, 0.0405, 0.9205, 0.1471, 0.7484, 0.7005, 0.5464, 0.7974, 0.5768, 0.8522, 0.9272, 0.7651, 0.4310, 0.1847, 0.8963, 0.8053, 0.0885, 0.3128, 0.4589, 0.3080, 0.3206, 0.4381, 0.2291, 0.4197, 0.4493, 0.5413, 0.3293, 0.4723, 0.1119, 0.0279, 0.7715, 0.2696, 0.8948, 0.9506, 1.0000, 0.9288, 1.0000, 0.1774, 0.7655, 0.3995, 
 10  [VUI  0  2  4  1  3 ]  0.7639, 0.5947, 0.4457, 0.8168, 0.1371, 0.0907, 0.2759, 0.8089, 0.6757, 0.4308, 0.1322, 0.5490, 0.3249, 0.8294, 0.8974, 0.6803, 0.4115, 0.6731, 0.7201, 0.5686, 0.7327, 0.4565, 0.4585, 0.8421, 0.6185, 0.8717, 0.6447, 0.7508, 0.5744, 0.2857, 0.9907, 0.8012, 0.4061, 0.2684, 0.1697, 0.1760, 0.2172, 0.3473, 0.5438, 0.5447, 0.7039, 0.6042, 0.5530, 1.0000, 0.6192, 0.1545, 0.6999, 0.3796, 0.8948, 0.9513, 1.0000, 0.9288, 1.0000, 0.1759, 0.4282, 0.1203, 
 11  [VUI  0  2  4  3  1 ]  0.7638, 0.5910, 0.4494, 0.8138, 0.1366, 0.0936, 0.2789, 0.8059, 0.6715, 0.4284, 0.1316, 0.5471, 0.3226, 0.8267, 0.8954, 0.6776, 0.4125, 0.6710, 0.7217, 0.5699, 0.7293, 0.4542, 0.4533, 0.8418, 0.6140, 0.8697, 0.6462, 0.7480, 0.5680, 0.2796, 0.9893, 0.7985, 0.4072, 0.2725, 0.1760, 0.1801, 0.2214, 0.3529, 0.5414, 0.5428, 0.7014, 0.6023, 0.5524, 0.9956, 0.6167, 0.1511, 0.6967, 0.3827, 0.8948, 0.9506, 1.0000, 0.9288, 1.0000, 0.1774, 0.4305, 0.1203, 
 12  [VUI  0  3  1  2  4 ]  0.5272, 0.9488, 0.6124, 0.5776, 0.9655, 0.9028, 0.5955, 0.6510, 0.7857, 0.9660, 0.9151, 0.9724, 0.7969, 0.5392, 0.6261, 0.8619, 0.3148, 0.1013, 1.0000, 0.2861, 0.7434, 0.9683, 0.8141, 0.9448, 0.9006, 0.7981, 0.4416, 0.9272, 0.7586, 0.7592, 0.6273, 0.6485, 0.2715, 0.5386, 0.6114, 0.5699, 0.5455, 0.5417, 0.6076, 0.8462, 0.6951, 0.9095, 0.7241, 0.1591, 0.3213, 0.5697, 0.6432, 0.5109, 0.9988, 0.7677, 0.7062, 0.3045, 0.7062, 0.6955, 1.0000, 0.9583, 
 13  [VUI  0  3  1  4  2 ]  0.5339, 0.9478, 0.6190, 0.5732, 0.9712, 0.9087, 0.6021, 0.6473, 0.7836, 0.9651, 0.9238, 0.9734, 0.8047, 0.5342, 0.6223, 0.8591, 0.3228, 0.1092, 0.9995, 0.2948, 0.7402, 0.9660, 0.8115, 0.9470, 0.9011, 0.7960, 0.4333, 0.9265, 0.7589, 0.7621, 0.6243, 0.6443, 0.2791, 0.5441, 0.6145, 0.5746, 0.5504, 0.5466, 0.6144, 0.8513, 0.6994, 0.9131, 0.7314, 0.1591, 0.3287, 0.5749, 0.6380, 0.5180, 1.0000, 0.7650, 0.7028, 0.2972, 0.7028, 0.7028, 1.0000, 0.9609, 
 14  [VUI  0  3  2  1  4 ]  0.4098, 0.6767, 0.4605, 0.7166, 0.3822, 0.4561, 0.3482, 0.7241, 0.6378, 0.6574, 0.2521, 0.6734, 0.2356, 0.7322, 0.8006, 0.7622, 0.1339, 0.0209, 0.9532, 0.1783, 0.7116, 0.7220, 0.5349, 0.8178, 0.5808, 0.8214, 0.8680, 0.7615, 0.4133, 0.2109, 0.8364, 0.7513, 0.1257, 0.3934, 0.5548, 0.3955, 0.4039, 0.5167, 0.2606, 0.4673, 0.4593, 0.5800, 0.3841, 0.3684, 0.1124, 0.0772, 0.7180, 0.3412, 0.9116, 0.9138, 0.9525, 0.8278, 0.9525, 0.2768, 0.8325, 0.4931, 
 15  [VUI  0  3  2  4  1 ]  0.4149, 0.6719, 0.4651, 0.7140, 0.3798, 0.4558, 0.3514, 0.7214, 0.6337, 0.6522, 0.2515, 0.6702, 0.2356, 0.7299, 0.7992, 0.7580, 0.1393, 0.0276, 0.9521, 0.1855, 0.7079, 0.7163, 0.5284, 0.8182, 0.5768, 0.8196, 0.8655, 0.7585, 0.4088, 0.2061, 0.8363, 0.7485, 0.1312, 0.3968, 0.5571, 0.3978, 0.4068, 0.5212, 0.2625, 0.4672, 0.4603, 0.5790, 0.3866, 0.3714, 0.1169, 0.0754, 0.7138, 0.3459, 0.9116, 0.9131, 0.9525, 0.8278, 0.9525, 0.2783, 0.8302, 0.4892, 
 16  [VUI  0  3  4  1  2 ]  0.8964, 0.6027, 0.9461, 0.3900, 0.7996, 0.8852, 0.8329, 0.4562, 0.4879, 0.5904, 0.8823, 0.7433, 0.8047, 0.3636, 0.5196, 0.5601, 0.7093, 0.5922, 0.9177, 0.8086, 0.4793, 0.5556, 0.3462, 0.9724, 0.6185, 0.6677, 0.2589, 0.7094, 0.4356, 0.4194, 0.6150, 0.4455, 0.6734, 0.7942, 0.7842, 0.7375, 0.7568, 0.8671, 0.7532, 0.8418, 0.7725, 0.8399, 0.9120, 0.3684, 0.6507, 0.4517, 0.3389, 0.8575, 1.0000, 0.7163, 0.7028, 0.2972, 0.7028, 0.8075, 0.8325, 0.6818, 
 17  [VUI  0  3  4  2  1 ]  0.8947, 0.5989, 0.9440, 0.3919, 0.7915, 0.8790, 0.8295, 0.4572, 0.4858, 0.5861, 0.8731, 0.7392, 0.7969, 0.3663, 0.5221, 0.5587, 0.7068, 0.5910, 0.9170, 0.8071, 0.4789, 0.5521, 0.3423, 0.9706, 0.6140, 0.6680, 0.2648, 0.7071, 0.4307, 0.4117, 0.6179, 0.4470, 0.6714, 0.7922, 0.7834, 0.7351, 0.7549, 0.8668, 0.7483, 0.8366, 0.7692, 0.8353, 0.9073, 0.3714, 0.6478, 0.4449, 0.3400, 0.8551, 0.9988, 0.7184, 0.7062, 0.3045, 0.7062, 0.8016, 0.8302, 0.6753, 
 18  [VUI  0  4  1  2  3 ]  0.9739, 0.8527, 0.6899, 0.6158, 0.7998, 0.6191, 0.6154, 0.6849, 0.7951, 0.7266, 0.9151, 0.8614, 0.9945, 0.5663, 0.6695, 0.7416, 0.7019, 0.8623, 0.7601, 0.7962, 0.7203, 0.6711, 0.7018, 0.9985, 0.9455, 0.8192, 0.1025, 0.9065, 0.9240, 0.8737, 0.7395, 0.6402, 0.6562, 0.4899, 0.2700, 0.4155, 0.4259, 0.4390, 0.9845, 0.9947, 0.9992, 0.9832, 0.9934, 0.7907, 0.9305, 0.7183, 0.5530, 0.6475, 0.9988, 0.7677, 0.7062, 0.3045, 0.7062, 0.6955, 0.5957, 0.6215, 
 19  [VUI  0  4  1  3  2 ]  0.9754, 0.8528, 0.6957, 0.6108, 0.8075, 0.6282, 0.6218, 0.6808, 0.7929, 0.7285, 0.9238, 0.8636, 1.0000, 0.5609, 0.6651, 0.7402, 0.7054, 0.8613, 0.7624, 0.7990, 0.7174, 0.6723, 0.7005, 1.0000, 0.9455, 0.8168, 0.0981, 0.9060, 0.9224, 0.8753, 0.7351, 0.6361, 0.6593, 0.4960, 0.2771, 0.4220, 0.4321, 0.4450, 0.9869, 0.9982, 1.0000, 0.9859, 0.9976, 0.7834, 0.9309, 0.7218, 0.5488, 0.6530, 1.0000, 0.7650, 0.7028, 0.2972, 0.7028, 0.7028, 0.6004, 0.6280, 
 20  [VUI  0  4  2  1  3 ]  0.8565, 0.5806, 0.5381, 0.7547, 0.2165, 0.1723, 0.3681, 0.7580, 0.6472, 0.4181, 0.2521, 0.5623, 0.4332, 0.7593, 0.8439, 0.6419, 0.5210, 0.7818, 0.7133, 0.6885, 0.6885, 0.4248, 0.4226, 0.8715, 0.6257, 0.8425, 0.5289, 0.7409, 0.5787, 0.3254, 0.9486, 0.7430, 0.5103, 0.3447, 0.2134, 0.2411, 0.2843, 0.4139, 0.6375, 0.6159, 0.7634, 0.6536, 0.6534, 1.0000, 0.7216, 0.2258, 0.6278, 0.4778, 0.9116, 0.9138, 0.9525, 0.8278, 0.9525, 0.2768, 0.4282, 0.1562, 
 21  [VUI  0  4  2  3  1 ]  0.8563, 0.5770, 0.5417, 0.7517, 0.2160, 0.1753, 0.3711, 0.7549, 0.6430, 0.4156, 0.2515, 0.5604, 0.4309, 0.7566, 0.8420, 0.6391, 0.5219, 0.7797, 0.7150, 0.6897, 0.6852, 0.4225, 0.4174, 0.8712, 0.6212, 0.8405, 0.5304, 0.7381, 0.5723, 0.3193, 0.9472, 0.7403, 0.5114, 0.3487, 0.2197, 0.2451, 0.2886, 0.4196, 0.6351, 0.6141, 0.7609, 0.6518, 0.6528, 0.9956, 0.7191, 0.2223, 0.6246, 0.4809, 0.9116, 0.9131, 0.9525, 0.8278, 0.9525, 0.2783, 0.4305, 0.1562, 
 22  [VUI  0  4  3  1  2 ]  0.9677, 0.5874, 0.9585, 0.3961, 0.7732, 0.8399, 0.8361, 0.4616, 0.4894, 0.5522, 0.8823, 0.7256, 0.8363, 0.3679, 0.5266, 0.5408, 0.7712, 0.7138, 0.8793, 0.8902, 0.4756, 0.5081, 0.3283, 0.9809, 0.6257, 0.6711, 0.2047, 0.7061, 0.4620, 0.4377, 0.6329, 0.4442, 0.7349, 0.7864, 0.7297, 0.7128, 0.7377, 0.8507, 0.8134, 0.8656, 0.8211, 0.8516, 0.9551, 0.4694, 0.7481, 0.4755, 0.3245, 0.8793, 1.0000, 0.7163, 0.7028, 0.2972, 0.7028, 0.8075, 0.7679, 0.6280, 
 23  [VUI  0  4  3  2  1 ]  0.9661, 0.5836, 0.9563, 0.3980, 0.7650, 0.8336, 0.8326, 0.4627, 0.4873, 0.5479, 0.8731, 0.7214, 0.8285, 0.3706, 0.5290, 0.5394, 0.7686, 0.7126, 0.8787, 0.8887, 0.4752, 0.5046, 0.3244, 0.9792, 0.6212, 0.6714, 0.2106, 0.7038, 0.4572, 0.4300, 0.6358, 0.4456, 0.7328, 0.7844, 0.7289, 0.7104, 0.7357, 0.8504, 0.8085, 0.8603, 0.8179, 0.8470, 0.9503, 0.4723, 0.7452, 0.4686, 0.3255, 0.8770, 0.9988, 0.7184, 0.7062, 0.3045, 0.7062, 0.8016, 0.7655, 0.6215, 
 24  [VUI  1  0  2  3  4 ]  0.3613, 0.9648, 0.1020, 0.9240, 0.4387, 0.2143, 0.1038, 0.9269, 0.9663, 0.8528, 0.3203, 0.7910, 0.4309, 0.9166, 0.8913, 0.9472, 0.0760, 0.2121, 0.7050, 0.0564, 0.9466, 0.8993, 1.0000, 0.7195, 0.9370, 0.8987, 0.7145, 0.9287, 0.9762, 0.7915, 0.8645, 0.9226, 0.0612, 0.0615, 0.0277, 0.0750, 0.0608, 0.0214, 0.4492, 0.5782, 0.6155, 0.6820, 0.3962, 0.6955, 0.3265, 0.4548, 0.9516, 0.0712, 0.7731, 0.8614, 0.8407, 0.7803, 0.8407, 0.1757, 0.5757, 0.5142, 
 25  [VUI  1  0  2  4  3 ]  0.3665, 0.9636, 0.1029, 0.9245, 0.4367, 0.2110, 0.1040, 0.9272, 0.9664, 0.8500, 0.3203, 0.7897, 0.4332, 0.9169, 0.8918, 0.9458, 0.0804, 0.2209, 0.7022, 0.0623, 0.9463, 0.8958, 0.9987, 0.7201, 0.9375, 0.8989, 0.7105, 0.9285, 0.9781, 0.7928, 0.8658, 0.9225, 0.0657, 0.0610, 0.0237, 0.0732, 0.0594, 0.0202, 0.4535, 0.5799, 0.6190, 0.6828, 0.3994, 0.7028, 0.3335, 0.4565, 0.9506, 0.0728, 0.7731, 0.8614, 0.8407, 0.7803, 0.8407, 0.1757, 0.5710, 0.5103, 
 26  [VUI  1  0  3  2  4 ]  0.4711, 0.9714, 0.5166, 0.5703, 0.9876, 0.8727, 0.5654, 0.6346, 0.8107, 0.9850, 0.9419, 0.9521, 0.8285, 0.5306, 0.5783, 0.8475, 0.3227, 0.1450, 0.8687, 0.2553, 0.7366, 0.9814, 0.9070, 0.8275, 0.9370, 0.7296, 0.3947, 0.8945, 0.8611, 0.9022, 0.5532, 0.6280, 0.2827, 0.4972, 0.5369, 0.5403, 0.5080, 0.4521, 0.6227, 0.8245, 0.6724, 0.8773, 0.6938, 0.1722, 0.3526, 0.7011, 0.6526, 0.4673, 0.8603, 0.6667, 0.5944, 0.2570, 0.5944, 0.6991, 0.9107, 0.9795, 
 27  [VUI  1  0  3  4  2 ]  0.4778, 0.9704, 0.5233, 0.5658, 0.9934, 0.8786, 0.5720, 0.6309, 0.8086, 0.9841, 0.9506, 0.9530, 0.8363, 0.5255, 0.5745, 0.8448, 0.3306, 0.1529, 0.8682, 0.2640, 0.7334, 0.9791, 0.9044, 0.8296, 0.9375, 0.7275, 0.3863, 0.8937, 0.8614, 0.9051, 0.5502, 0.6238, 0.2902, 0.5027, 0.5400, 0.5450, 0.5128, 0.4569, 0.6294, 0.8296, 0.6767, 0.8808, 0.7010, 0.1722, 0.3600, 0.7062, 0.6473, 0.4744, 0.8615, 0.6639, 0.5910, 0.2497, 0.5910, 0.7064, 0.9107, 0.9821, 
 28  [VUI  1  0  4  2  3 ]  0.8463, 0.8907, 0.5818, 0.6024, 0.8485, 0.6343, 0.5821, 0.6631, 0.8186, 0.7839, 0.9419, 0.8588, 0.9945, 0.5534, 0.6147, 0.7465, 0.6479, 0.7843, 0.6671, 0.6839, 0.7172, 0.7317, 0.8126, 0.8725, 0.9747, 0.7473, 0.1098, 0.8771, 1.0000, 0.9985, 0.6474, 0.6210, 0.6059, 0.4563, 0.2501, 0.4105, 0.4075, 0.3658, 0.9393, 0.9493, 0.9279, 0.9391, 0.9200, 0.7028, 0.8645, 0.8259, 0.5767, 0.5820, 0.8603, 0.6667, 0.5944, 0.2570, 0.5944, 0.6991, 0.5710, 0.6964, 
 29  [VUI  1  0  4  3  2 ]  0.8479, 0.8907, 0.5876, 0.5974, 0.8561, 0.6435, 0.5885, 0.6590, 0.8164, 0.7857, 0.9506, 0.8610, 1.0000, 0.5480, 0.6104, 0.7451, 0.6513, 0.7834, 0.6694, 0.6867, 0.7143, 0.7328, 0.8113, 0.8741, 0.9747, 0.7450, 0.1053, 0.8766, 0.9984, 1.0000, 0.6431, 0.6169, 0.6089, 0.4624, 0.2572, 0.4170, 0.4137, 0.3718, 0.9417, 0.9527, 0.9287, 0.9418, 0.9242, 0.6955, 0.8648, 0.8294, 0.5726, 0.5875, 0.8615, 0.6639, 0.5910, 0.2497, 0.5910, 0.7064, 0.5757, 0.7029, 
 30  [VUI  1  2  0  3  4 ]  0.2897, 0.8880, 0.0345, 0.9094, 0.3394, 0.1372, 0.0656, 0.8911, 0.9093, 0.7805, 0.2084, 0.6934, 0.3226, 0.9149, 0.8616, 0.8831, 0.0585, 0.2095, 0.6035, 0.0244, 0.8950, 0.8359, 0.9641, 0.5921, 0.8538, 0.8211, 0.7743, 0.8362, 0.9212, 0.7356, 0.8251, 0.8936, 0.0550, 0.0460, 0.0277, 0.0638, 0.0517, 0.0069, 0.3666, 0.4650, 0.5214, 0.5690, 0.2979, 0.6955, 0.2828, 0.4310, 0.9372, 0.0385, 0.6386, 0.7957, 0.7932, 0.8409, 0.7932, 0.1152, 0.4949, 0.4424, 
 31  [VUI  1  2  0  4  3 ]  0.2949, 0.8869, 0.0353, 0.9099, 0.3375, 0.1340, 0.0659, 0.8915, 0.9094, 0.7777, 0.2084, 0.6921, 0.3249, 0.9152, 0.8621, 0.8818, 0.0630, 0.2183, 0.6007, 0.0303, 0.8948, 0.8325, 0.9628, 0.5927, 0.8543, 0.8213, 0.7703, 0.8360, 0.9231, 0.7369, 0.8264, 0.8935, 0.0594, 0.0454, 0.0237, 0.0620, 0.0503, 0.0057, 0.3710, 0.4667, 0.5249, 0.5699, 0.3010, 0.7028, 0.2899, 0.4327, 0.9362, 0.0401, 0.6386, 0.7957, 0.7932, 0.8409, 0.7932, 0.1152, 0.4902, 0.4385, 
 32  [VUI  1  2  3  0  4 ]  0.0281, 0.4965, 0.0987, 0.4799, 0.3737, 0.3959, 0.3294, 0.4134, 0.4579, 0.5381, 0.2499, 0.3484, 0.1589, 0.5199, 0.3947, 0.4512, 0.2148, 0.1290, 0.2410, 0.0576, 0.4178, 0.5897, 0.6850, 0.0396, 0.4224, 0.2497, 0.7646, 0.3222, 0.5211, 0.5563, 0.3093, 0.4481, 0.2440, 0.4010, 0.5369, 0.4709, 0.4517, 0.3625, 0.1122, 0.1240, 0.0905, 0.1785, 0.0854, 0.1722, 0.0826, 0.5542, 0.5634, 0.2648, 0.0283, 0.2602, 0.3007, 0.6316, 0.3007, 0.3245, 0.4112, 0.5355, 
 33  [VUI  1  2  3  4  0 ]  0.0296, 0.4899, 0.1005, 0.4744, 0.3723, 0.3962, 0.3333, 0.4071, 0.4517, 0.5319, 0.2505, 0.3423, 0.1589, 0.5147, 0.3887, 0.4438, 0.2214, 0.1367, 0.2331, 0.0640, 0.4109, 0.5828, 0.6798, 0.0325, 0.4169, 0.2420, 0.7605, 0.3148, 0.5174, 0.5551, 0.3034, 0.4418, 0.2511, 0.4054, 0.5400, 0.4748, 0.4559, 0.3663, 0.1130, 0.1210, 0.0880, 0.1739, 0.0855, 0.1722, 0.0869, 0.5576, 0.5571, 0.2696, 0.0198, 0.2527, 0.2938, 0.6286, 0.2938, 0.3274, 0.4053, 0.5329, 
 34  [VUI  1  2  4  0  3 ]  0.4034, 0.4157, 0.1638, 0.5119, 0.2345, 0.1575, 0.3461, 0.4419, 0.4658, 0.3370, 0.2499, 0.2551, 0.3249, 0.5427, 0.4311, 0.3501, 0.5400, 0.7683, 0.0394, 0.4862, 0.3985, 0.3399, 0.5906, 0.0847, 0.4601, 0.2675, 0.4796, 0.3048, 0.6600, 0.6525, 0.4036, 0.4412, 0.5672, 0.3601, 0.2501, 0.3412, 0.3512, 0.2762, 0.4288, 0.2489, 0.3460, 0.2403, 0.3116, 0.7028, 0.5945, 0.6790, 0.4875, 0.3796, 0.0283, 0.2602, 0.3007, 0.6316, 0.3007, 0.3245, 0.0715, 0.2524, 
 35  [VUI  1  2  4  3  0 ]  0.3997, 0.4103, 0.1647, 0.5060, 0.2350, 0.1611, 0.3498, 0.4352, 0.4595, 0.3336, 0.2505, 0.2502, 0.3226, 0.5372, 0.4246, 0.3441, 0.5422, 0.7672, 0.0344, 0.4867, 0.3918, 0.3365, 0.5867, 0.0770, 0.4541, 0.2595, 0.4795, 0.2976, 0.6545, 0.6500, 0.3964, 0.4349, 0.5698, 0.3650, 0.2572, 0.3468, 0.3568, 0.2811, 0.4253, 0.2441, 0.3400, 0.2349, 0.3086, 0.6955, 0.5917, 0.6807, 0.4823, 0.3827, 0.0198, 0.2527, 0.2938, 0.6286, 0.2938, 0.3274, 0.0703, 0.2537, 
 36  [VUI  1  3  0  2  4 ]  0.4206, 0.8959, 0.5290, 0.4875, 0.9943, 0.9226, 0.6162, 0.5425, 0.7236, 0.9382, 0.9499, 0.8855, 0.7969, 0.4544, 0.4883, 0.7642, 0.3528, 0.1295, 0.7988, 0.2617, 0.6446, 0.9339, 0.8531, 0.7209, 0.8538, 0.6194, 0.3928, 0.7953, 0.7839, 0.8677, 0.4537, 0.5420, 0.3192, 0.5657, 0.6351, 0.6188, 0.5851, 0.5207, 0.5736, 0.7587, 0.5893, 0.8019, 0.6528, 0.0712, 0.3140, 0.7248, 0.5804, 0.5109, 0.7426, 0.5634, 0.4994, 0.2166, 0.4994, 0.7394, 0.8945, 0.9974, 
 37  [VUI  1  3  0  4  2 ]  0.4273, 0.8949, 0.5357, 0.4830, 1.0000, 0.9285, 0.6229, 0.5388, 0.7216, 0.9373, 0.9586, 0.8865, 0.8047, 0.4494, 0.4844, 0.7615, 0.3607, 0.1374, 0.7983, 0.2704, 0.6414, 0.9316, 0.8505, 0.7230, 0.8543, 0.6173, 0.3845, 0.7946, 0.7842, 0.8705, 0.4507, 0.5378, 0.3267, 0.5712, 0.6383, 0.6235, 0.5900, 0.5255, 0.5804, 0.7639, 0.5936, 0.8055, 0.6600, 0.0712, 0.3214, 0.7300, 0.5752, 0.5180, 0.7438, 0.5607, 0.4960, 0.2093, 0.4960, 0.7467, 0.8945, 1.0000, 
 38  [VUI  1  3  2  0  4 ]  0.0493, 0.4977, 0.1787, 0.4117, 0.4796, 0.5228, 0.4184, 0.3570, 0.4279, 0.5636, 0.3698, 0.3794, 0.2356, 0.4455, 0.3343, 0.4320, 0.2624, 0.1161, 0.2725, 0.0960, 0.3773, 0.6055, 0.6670, 0.0604, 0.4224, 0.2171, 0.7029, 0.3155, 0.4989, 0.5777, 0.2493, 0.3913, 0.2868, 0.4850, 0.6351, 0.5606, 0.5379, 0.4456, 0.1457, 0.1715, 0.1015, 0.2161, 0.1427, 0.0712, 0.0877, 0.6017, 0.5057, 0.3412, 0.0451, 0.2226, 0.2532, 0.5306, 0.2532, 0.4254, 0.4758, 0.6252, 
 39  [VUI  1  3  2  4  0 ]  0.0508, 0.4912, 0.1804, 0.4062, 0.4781, 0.5232, 0.4223, 0.3507, 0.4217, 0.5574, 0.3703, 0.3733, 0.2356, 0.4403, 0.3283, 0.4246, 0.2690, 0.1237, 0.2647, 0.1023, 0.3704, 0.5986, 0.6618, 0.0533, 0.4169, 0.2094, 0.6988, 0.3081, 0.4953, 0.5765, 0.2434, 0.3850, 0.2938, 0.4894, 0.6383, 0.5645, 0.5421, 0.4494, 0.1465, 0.1685, 0.0990, 0.2115, 0.1429, 0.0712, 0.0919, 0.6051, 0.4994, 0.3459, 0.0366, 0.2152, 0.2463, 0.5277, 0.2463, 0.4284, 0.4699, 0.6226, 
 40  [VUI  1  3  4  0  2 ]  0.5358, 0.4237, 0.6642, 0.0851, 0.8971, 0.9520, 0.9031, 0.0892, 0.2779, 0.4965, 1.0000, 0.4494, 0.8047, 0.0768, 0.0534, 0.2298, 0.8377, 0.6874, 0.2370, 0.7263, 0.1450, 0.4390, 0.4783, 0.2149, 0.4601, 0.0634, 0.0938, 0.2634, 0.5211, 0.7862, 0.0278, 0.0855, 0.8345, 0.8859, 0.8646, 0.9026, 0.8908, 0.7960, 0.6382, 0.5460, 0.4147, 0.4760, 0.6707, 0.0712, 0.6260, 0.9762, 0.1266, 0.8575, 0.1335, 0.0252, 0.0034, 0.0000, 0.0034, 0.9561, 0.4758, 0.8139, 
 41  [VUI  1  3  4  2  0 ]  0.5306, 0.4182, 0.6593, 0.0841, 0.8899, 0.9464, 0.9004, 0.0866, 0.2738, 0.4913, 0.9919, 0.4423, 0.7969, 0.0767, 0.0512, 0.2252, 0.8365, 0.6872, 0.2296, 0.7240, 0.1413, 0.4344, 0.4757, 0.2057, 0.4541, 0.0578, 0.0981, 0.2567, 0.5172, 0.7821, 0.0250, 0.0834, 0.8340, 0.8847, 0.8646, 0.9018, 0.8902, 0.7950, 0.6322, 0.5378, 0.4079, 0.4678, 0.6636, 0.0712, 0.6229, 0.9745, 0.1255, 0.8551, 0.1238, 0.0204, 0.0000, 0.0044, 0.0000, 0.9517, 0.4699, 0.8087, 
 42  [VUI  1  4  0  2  3 ]  0.8673, 0.7998, 0.6066, 0.5256, 0.8286, 0.6388, 0.6361, 0.5764, 0.7330, 0.6989, 0.9499, 0.7745, 0.9945, 0.4815, 0.5316, 0.6439, 0.7399, 0.8904, 0.5589, 0.7719, 0.6215, 0.6366, 0.7408, 0.7746, 0.8987, 0.6405, 0.0537, 0.7746, 0.9493, 0.9822, 0.5659, 0.5338, 0.7038, 0.5170, 0.2937, 0.4644, 0.4655, 0.4180, 0.9505, 0.9073, 0.8934, 0.8756, 0.9221, 0.7028, 0.9232, 0.8734, 0.4902, 0.6475, 0.7426, 0.5634, 0.4994, 0.2166, 0.4994, 0.7394, 0.4902, 0.6605, 
 43  [VUI  1  4  0  3  2 ]  0.8688, 0.7999, 0.6123, 0.5207, 0.8363, 0.6480, 0.6426, 0.5723, 0.7308, 0.7007, 0.9586, 0.7767, 1.0000, 0.4761, 0.5273, 0.6426, 0.7433, 0.8895, 0.5611, 0.7746, 0.6186, 0.6378, 0.7395, 0.7761, 0.8987, 0.6382, 0.0493, 0.7742, 0.9477, 0.9837, 0.5615, 0.5297, 0.7069, 0.5231, 0.3008, 0.4709, 0.4718, 0.4240, 0.9529, 0.9107, 0.8942, 0.8783, 0.9262, 0.6955, 0.9236, 0.8769, 0.4860, 0.6530, 0.7438, 0.5607, 0.4960, 0.2093, 0.4960, 0.7467, 0.4949, 0.6670, 
 44  [VUI  1  4  2  0  3 ]  0.4959, 0.4016, 0.2562, 0.4498, 0.3140, 0.2391, 0.4383, 0.3909, 0.4372, 0.3242, 0.3698, 0.2684, 0.4332, 0.4725, 0.3777, 0.3117, 0.6494, 0.8770, 0.0326, 0.6061, 0.3543, 0.3083, 0.5547, 0.1140, 0.4673, 0.2382, 0.3638, 0.2949, 0.6643, 0.6922, 0.3614, 0.3830, 0.6714, 0.4363, 0.2937, 0.4062, 0.4183, 0.3428, 0.5225, 0.3201, 0.4056, 0.2898, 0.4120, 0.7028, 0.6969, 0.7503, 0.4154, 0.4778, 0.0451, 0.2226, 0.2532, 0.5306, 0.2532, 0.4254, 0.0715, 0.2883, 
 45  [VUI  1  4  2  3  0 ]  0.4923, 0.3962, 0.2571, 0.4438, 0.3144, 0.2427, 0.4420, 0.3843, 0.4310, 0.3208, 0.3703, 0.2636, 0.4309, 0.4670, 0.3712, 0.3057, 0.6516, 0.8759, 0.0276, 0.6066, 0.3476, 0.3048, 0.5508, 0.1064, 0.4613, 0.2303, 0.3637, 0.2877, 0.6587, 0.6897, 0.3542, 0.3768, 0.6740, 0.4413, 0.3008, 0.4119, 0.4239, 0.3478, 0.5190, 0.3154, 0.3996, 0.2843, 0.4091, 0.6955, 0.6941, 0.7520, 0.4102, 0.4809, 0.0366, 0.2152, 0.2463, 0.5277, 0.2463, 0.4284, 0.0703, 0.2896, 
 46  [VUI  1  4  3  0  2 ]  0.6072, 0.4084, 0.6766, 0.0912, 0.8706, 0.9066, 0.9063, 0.0946, 0.2794, 0.4583, 1.0000, 0.4316, 0.8363, 0.0811, 0.0603, 0.2106, 0.8996, 0.8090, 0.1986, 0.8078, 0.1414, 0.3915, 0.4604, 0.2235, 0.4673, 0.0668, 0.0396, 0.2601, 0.5476, 0.8045, 0.0458, 0.0842, 0.8959, 0.8781, 0.8100, 0.8779, 0.8717, 0.7796, 0.6984, 0.5698, 0.4633, 0.4878, 0.7137, 0.1722, 0.7234, 1.0000, 0.1122, 0.8793, 0.1335, 0.0252, 0.0034, 0.0000, 0.0034, 0.9561, 0.4112, 0.7601, 
 47  [VUI  1  4  3  2  0 ]  0.6020, 0.4028, 0.6717, 0.0901, 0.8634, 0.9011, 0.9035, 0.0920, 0.2753, 0.4531, 0.9919, 0.4246, 0.8285, 0.0810, 0.0582, 0.2060, 0.8983, 0.8088, 0.1913, 0.8055, 0.1376, 0.3869, 0.4578, 0.2143, 0.4613, 0.0612, 0.0439, 0.2534, 0.5436, 0.8004, 0.0429, 0.0821, 0.8955, 0.8770, 0.8100, 0.8771, 0.8711, 0.7786, 0.6925, 0.5616, 0.4565, 0.4796, 0.7066, 0.1722, 0.7202, 0.9983, 0.1111, 0.8770, 0.1238, 0.0204, 0.0000, 0.0044, 0.0000, 0.9517, 0.4053, 0.7549, 
 48  [VUI  2  0  1  3  4 ]  0.3121, 0.8506, 0.0383, 0.9824, 0.1938, 0.0268, 0.0000, 0.9575, 0.9043, 0.7232, 0.0420, 0.6655, 0.1953, 0.9977, 0.9646, 0.9054, 0.0000, 0.1783, 0.6853, 0.0112, 0.9332, 0.7959, 0.8828, 0.6662, 0.8027, 0.9085, 0.8934, 0.8592, 0.8312, 0.5613, 0.9523, 0.9658, 0.0000, 0.0006, 0.0039, 0.0018, 0.0014, 0.0108, 0.3035, 0.4192, 0.5165, 0.5437, 0.2535, 0.7834, 0.2388, 0.2480, 0.9830, 0.0000, 0.7365, 0.9227, 0.9441, 1.0000, 0.9441, 0.0000, 0.5054, 0.3189, 
 49  [VUI  2  0  1  4  3 ]  0.3172, 0.8494, 0.0392, 0.9828, 0.1919, 0.0235, 0.0002, 0.9579, 0.9044, 0.7205, 0.0420, 0.6642, 0.1976, 0.9980, 0.9651, 0.9040, 0.0045, 0.1871, 0.6826, 0.0171, 0.9330, 0.7925, 0.8815, 0.6668, 0.8032, 0.9087, 0.8895, 0.8590, 0.8331, 0.5627, 0.9536, 0.9657, 0.0044, 0.0000, 0.0000, 0.0000, 0.0000, 0.0097, 0.3079, 0.4209, 0.5200, 0.5445, 0.2566, 0.7907, 0.2458, 0.2497, 0.9820, 0.0016, 0.7365, 0.9227, 0.9441, 1.0000, 0.9441, 0.0000, 0.5007, 0.3150, 
 50  [VUI  2  0  3  1  4 ]  0.3044, 0.5851, 0.3011, 0.7676, 0.1595, 0.2384, 0.2143, 0.7383, 0.6007, 0.5469, 0.0006, 0.5275, 0.0316, 0.8046, 0.8260, 0.7060, 0.0658, 0.0307, 0.8023, 0.1024, 0.6914, 0.6317, 0.5106, 0.6471, 0.4829, 0.7627, 1.0000, 0.6593, 0.3709, 0.1237, 0.8501, 0.7739, 0.0756, 0.2910, 0.4566, 0.2926, 0.3070, 0.4166, 0.1300, 0.2866, 0.3376, 0.4094, 0.2110, 0.4694, 0.0560, 0.0017, 0.7587, 0.2263, 0.7365, 0.8740, 0.9441, 1.0000, 0.9441, 0.1047, 0.6729, 0.3189, 
 51  [VUI  2  0  3  4  1 ]  0.3095, 0.5803, 0.3056, 0.7651, 0.1571, 0.2381, 0.2175, 0.7357, 0.5966, 0.5417, 0.0000, 0.5243, 0.0316, 0.8023, 0.8246, 0.7019, 0.0712, 0.0375, 0.8011, 0.1095, 0.6878, 0.6260, 0.5041, 0.6475, 0.4790, 0.7609, 0.9976, 0.6563, 0.3663, 0.1189, 0.8500, 0.7711, 0.0811, 0.2945, 0.4589, 0.2948, 0.3098, 0.4210, 0.1320, 0.2865, 0.3386, 0.4084, 0.2135, 0.4723, 0.0605, 0.0000, 0.7545, 0.2310, 0.7365, 0.8733, 0.9441, 1.0000, 0.9441, 0.1061, 0.6705, 0.3150, 
 52  [VUI  2  0  4  1  3 ]  0.6796, 0.5044, 0.3662, 0.7996, 0.0203, 0.0000, 0.2310, 0.7668, 0.6086, 0.3458, 0.0006, 0.4342, 0.1976, 0.8274, 0.8624, 0.6050, 0.3910, 0.6701, 0.6007, 0.5310, 0.6721, 0.3820, 0.4163, 0.6922, 0.5206, 0.7805, 0.7151, 0.6419, 0.5098, 0.2199, 0.9443, 0.7670, 0.3988, 0.2501, 0.1697, 0.1628, 0.2065, 0.3302, 0.4467, 0.4115, 0.5932, 0.4713, 0.4373, 1.0000, 0.5679, 0.1266, 0.6829, 0.3410, 0.7365, 0.8740, 0.9441, 1.0000, 0.9441, 0.1047, 0.3332, 0.0359, 
 53  [VUI  2  0  4  3  1 ]  0.6795, 0.5007, 0.3699, 0.7966, 0.0199, 0.0029, 0.2340, 0.7638, 0.6044, 0.3434, 0.0000, 0.4322, 0.1953, 0.8247, 0.8605, 0.6022, 0.3919, 0.6680, 0.6023, 0.5322, 0.6687, 0.3797, 0.4111, 0.6919, 0.5162, 0.7784, 0.7166, 0.6391, 0.5034, 0.2138, 0.9429, 0.7643, 0.3998, 0.2542, 0.1760, 0.1669, 0.2107, 0.3359, 0.4443, 0.4096, 0.5907, 0.4694, 0.4367, 0.9956, 0.5653, 0.1231, 0.6798, 0.3442, 0.7365, 0.8733, 0.9441, 1.0000, 0.9441, 0.1061, 0.3355, 0.0359, 
 54  [VUI  2  1  0  3  4 ]  0.2631, 0.8262, 0.0000, 0.9409, 0.2070, 0.0359, 0.0095, 0.9077, 0.8757, 0.7105, 0.0580, 0.6256, 0.1953, 0.9587, 0.9012, 0.8605, 0.0174, 0.1913, 0.5929, 0.0000, 0.8878, 0.7801, 0.9008, 0.5633, 0.7812, 0.8264, 0.8710, 0.7986, 0.8429, 0.6112, 0.8726, 0.9169, 0.0219, 0.0130, 0.0149, 0.0242, 0.0196, 0.0012, 0.2879, 0.3790, 0.4679, 0.4942, 0.2207, 0.7430, 0.2354, 0.3193, 0.9542, 0.0000, 0.6188, 0.8288, 0.8491, 0.9596, 0.8491, 0.0202, 0.4569, 0.3369, 
 55  [VUI  2  1  0  4  3 ]  0.2682, 0.8251, 0.0009, 0.9414, 0.2051, 0.0326, 0.0098, 0.9081, 0.8759, 0.7077, 0.0580, 0.6243, 0.1976, 0.9590, 0.9017, 0.8591, 0.0219, 0.2000, 0.5901, 0.0059, 0.8876, 0.7766, 0.8995, 0.5639, 0.7817, 0.8266, 0.8671, 0.7984, 0.8448, 0.6125, 0.8738, 0.9168, 0.0263, 0.0124, 0.0109, 0.0224, 0.0182, 0.0000, 0.2923, 0.3807, 0.4714, 0.4951, 0.2238, 0.7503, 0.2425, 0.3210, 0.9531, 0.0016, 0.6188, 0.8288, 0.8491, 0.9596, 0.8491, 0.0202, 0.4522, 0.3330, 
 56  [VUI  2  1  3  0  4 ]  0.0015, 0.4347, 0.0642, 0.5115, 0.2414, 0.2945, 0.2733, 0.4299, 0.4243, 0.4681, 0.0994, 0.2805, 0.0316, 0.5637, 0.4343, 0.4286, 0.1737, 0.1108, 0.2304, 0.0332, 0.4106, 0.5338, 0.6216, 0.0108, 0.3498, 0.2550, 0.8613, 0.2846, 0.4428, 0.4319, 0.3568, 0.4714, 0.2109, 0.3680, 0.5241, 0.4313, 0.4196, 0.3568, 0.0335, 0.0381, 0.0370, 0.1037, 0.0082, 0.2197, 0.0353, 0.4424, 0.5803, 0.2263, 0.0085, 0.2933, 0.3565, 0.7503, 0.3565, 0.2295, 0.3732, 0.4299, 
 57  [VUI  2  1  3  4  0 ]  0.0030, 0.4282, 0.0660, 0.5059, 0.2399, 0.2948, 0.2772, 0.4237, 0.4181, 0.4619, 0.1000, 0.2744, 0.0316, 0.5585, 0.4283, 0.4212, 0.1804, 0.1184, 0.2225, 0.0395, 0.4037, 0.5269, 0.6164, 0.0037, 0.3443, 0.2473, 0.8572, 0.2772, 0.4391, 0.4307, 0.3509, 0.4651, 0.2180, 0.3724, 0.5272, 0.4352, 0.4238, 0.3606, 0.0343, 0.0350, 0.0345, 0.0991, 0.0083, 0.2197, 0.0395, 0.4458, 0.5741, 0.2310, 0.0000, 0.2858, 0.3497, 0.7474, 0.3497, 0.2324, 0.3673, 0.4273, 
 58  [VUI  2  1  4  0  3 ]  0.3767, 0.3540, 0.1294, 0.5435, 0.1022, 0.0561, 0.2900, 0.4584, 0.4322, 0.2670, 0.0994, 0.1872, 0.1976, 0.5865, 0.4707, 0.3275, 0.4989, 0.7501, 0.0288, 0.4618, 0.3912, 0.2840, 0.5273, 0.0558, 0.3875, 0.2728, 0.5764, 0.2672, 0.5817, 0.5281, 0.4510, 0.4645, 0.5341, 0.3271, 0.2372, 0.3016, 0.3191, 0.2705, 0.3501, 0.1629, 0.2925, 0.1656, 0.2345, 0.7503, 0.5471, 0.5673, 0.5045, 0.3410, 0.0085, 0.2933, 0.3565, 0.7503, 0.3565, 0.2295, 0.0335, 0.1469, 
 59  [VUI  2  1  4  3  0 ]  0.3731, 0.3485, 0.1303, 0.5375, 0.1027, 0.0597, 0.2937, 0.4518, 0.4259, 0.2636, 0.1000, 0.1824, 0.1953, 0.5810, 0.4642, 0.3215, 0.5011, 0.7489, 0.0237, 0.4622, 0.3846, 0.2806, 0.5234, 0.0481, 0.3815, 0.2648, 0.5763, 0.2600, 0.5761, 0.5256, 0.4438, 0.4583, 0.5367, 0.3321, 0.2443, 0.3073, 0.3246, 0.2754, 0.3466, 0.1582, 0.2865, 0.1601, 0.2315, 0.7430, 0.5443, 0.5690, 0.4993, 0.3442, 0.0000, 0.2858, 0.3497, 0.7474, 0.3497, 0.2324, 0.0323, 0.1482, 
 60  [VUI  2  3  0  1  4 ]  0.2540, 0.5096, 0.3135, 0.6848, 0.1661, 0.2883, 0.2652, 0.6462, 0.5137, 0.5002, 0.0086, 0.4609, 0.0000, 0.7285, 0.7360, 0.6227, 0.0959, 0.0152, 0.7323, 0.1088, 0.5994, 0.5842, 0.4568, 0.5406, 0.3997, 0.6525, 0.9981, 0.5602, 0.2937, 0.0891, 0.7506, 0.6880, 0.1121, 0.3595, 0.5548, 0.3711, 0.3841, 0.4852, 0.0810, 0.2209, 0.2545, 0.3341, 0.1700, 0.3684, 0.0174, 0.0255, 0.6866, 0.2700, 0.6188, 0.7707, 0.8491, 0.9596, 0.8491, 0.1450, 0.6567, 0.3369, 
 61  [VUI  2  3  0  4  1 ]  0.2590, 0.5048, 0.3180, 0.6822, 0.1637, 0.2880, 0.2684, 0.6435, 0.5095, 0.4950, 0.0080, 0.4577, 0.0000, 0.7261, 0.7345, 0.6186, 0.1013, 0.0219, 0.7312, 0.1159, 0.5958, 0.5785, 0.4503, 0.5409, 0.3958, 0.6507, 0.9957, 0.5571, 0.2892, 0.0844, 0.7505, 0.6852, 0.1176, 0.3630, 0.5571, 0.3733, 0.3870, 0.4896, 0.0829, 0.2207, 0.2555, 0.3331, 0.1725, 0.3714, 0.0219, 0.0238, 0.6824, 0.2747, 0.6188, 0.7700, 0.8491, 0.9596, 0.8491, 0.1465, 0.6544, 0.3330, 
 62  [VUI  2  3  1  0  4 ]  0.0000, 0.3835, 0.1149, 0.4700, 0.2347, 0.3353, 0.3146, 0.3877, 0.3658, 0.4341, 0.0914, 0.2539, 0.0000, 0.5265, 0.4076, 0.3901, 0.1864, 0.0823, 0.2529, 0.0507, 0.3640, 0.5021, 0.5498, 0.0071, 0.2881, 0.2269, 0.8819, 0.2460, 0.3540, 0.3475, 0.3371, 0.4344, 0.2255, 0.4240, 0.6114, 0.4874, 0.4785, 0.4351, 0.0000, 0.0125, 0.0025, 0.0778, 0.0000, 0.1591, 0.0000, 0.3949, 0.5371, 0.2700, 0.0085, 0.2839, 0.3565, 0.7503, 0.3565, 0.2497, 0.4055, 0.4299, 
 63  [VUI  2  3  1  4  0 ]  0.0015, 0.3770, 0.1167, 0.4645, 0.2333, 0.3356, 0.3185, 0.3814, 0.3596, 0.4279, 0.0920, 0.2478, 0.0000, 0.5213, 0.4016, 0.3827, 0.1930, 0.0900, 0.2451, 0.0571, 0.3570, 0.4952, 0.5447, 0.0000, 0.2826, 0.2192, 0.8778, 0.2386, 0.3503, 0.3463, 0.3312, 0.4281, 0.2326, 0.4284, 0.6145, 0.4913, 0.4827, 0.4388, 0.0008, 0.0095, 0.0000, 0.0732, 0.0001, 0.1591, 0.0042, 0.3983, 0.5308, 0.2747, 0.0000, 0.2765, 0.3497, 0.7474, 0.3497, 0.2526, 0.3996, 0.4273, 
 64  [VUI  2  3  4  0  1 ]  0.3675, 0.0337, 0.4465, 0.2843, 0.0608, 0.3115, 0.5486, 0.1939, 0.0659, 0.0542, 0.0494, 0.0206, 0.0000, 0.3535, 0.3035, 0.0869, 0.5783, 0.5720, 0.1699, 0.5718, 0.0994, 0.0859, 0.0781, 0.0328, 0.0016, 0.0969, 0.7050, 0.0260, 0.0261, 0.0000, 0.3276, 0.2329, 0.6254, 0.6776, 0.7834, 0.6525, 0.6879, 0.7601, 0.1407, 0.0029, 0.0767, 0.0036, 0.1832, 0.3714, 0.3265, 0.2700, 0.2338, 0.6142, 0.0085, 0.2346, 0.3565, 0.7503, 0.3565, 0.3558, 0.2356, 0.1469, 
 65  [VUI  2  3  4  1  0 ]  0.3639, 0.0319, 0.4437, 0.2813, 0.0617, 0.3121, 0.5493, 0.1903, 0.0638, 0.0533, 0.0506, 0.0177, 0.0000, 0.3507, 0.2989, 0.0837, 0.5796, 0.5729, 0.1632, 0.5710, 0.0962, 0.0848, 0.0794, 0.0254, 0.0000, 0.0909, 0.7034, 0.0216, 0.0270, 0.0036, 0.3219, 0.2294, 0.6269, 0.6785, 0.7842, 0.6541, 0.6892, 0.7594, 0.1396, 0.0000, 0.0732, 0.0000, 0.1808, 0.3684, 0.3263, 0.2752, 0.2317, 0.6142, 0.0000, 0.2278, 0.3497, 0.7474, 0.3497, 0.3573, 0.2321, 0.1482, 
 66  [VUI  2  4  0  1  3 ]  0.7006, 0.4135, 0.3910, 0.7229, 0.0005, 0.0045, 0.2851, 0.6801, 0.5231, 0.2608, 0.0086, 0.3499, 0.1976, 0.7555, 0.7793, 0.5024, 0.4830, 0.7761, 0.4924, 0.6189, 0.5764, 0.2870, 0.3445, 0.5942, 0.4446, 0.6736, 0.6590, 0.5395, 0.4590, 0.2037, 0.8628, 0.6797, 0.4967, 0.3108, 0.2134, 0.2167, 0.2645, 0.3824, 0.4578, 0.3694, 0.5587, 0.4077, 0.4393, 1.0000, 0.6266, 0.1741, 0.5964, 0.4065, 0.6188, 0.7707, 0.8491, 0.9596, 0.8491, 0.1450, 0.2524, 0.0000, 
 67  [VUI  2  4  0  3  1 ]  0.7005, 0.4098, 0.3947, 0.7199, 0.0000, 0.0075, 0.2880, 0.6771, 0.5188, 0.2584, 0.0080, 0.3480, 0.1953, 0.7529, 0.7774, 0.4996, 0.4839, 0.7741, 0.4941, 0.6202, 0.5730, 0.2847, 0.3393, 0.5940, 0.4401, 0.6716, 0.6605, 0.5367, 0.4526, 0.1976, 0.8613, 0.6770, 0.4978, 0.3149, 0.2197, 0.2207, 0.2688, 0.3881, 0.4554, 0.3676, 0.5562, 0.4059, 0.4387, 0.9956, 0.6241, 0.1706, 0.5932, 0.4097, 0.6188, 0.7700, 0.8491, 0.9596, 0.8491, 0.1465, 0.2548, 0.0000, 
 68  [VUI  2  4  1  0  3 ]  0.4466, 0.2874, 0.1924, 0.5082, 0.0691, 0.0516, 0.3345, 0.4216, 0.3752, 0.1947, 0.0914, 0.1428, 0.1976, 0.5536, 0.4509, 0.2698, 0.5735, 0.8432, 0.0130, 0.5609, 0.3409, 0.2049, 0.4376, 0.0607, 0.3330, 0.2480, 0.5427, 0.2253, 0.5193, 0.4620, 0.4492, 0.4261, 0.6102, 0.3754, 0.2700, 0.3330, 0.3589, 0.3323, 0.3769, 0.1611, 0.3066, 0.1515, 0.2693, 0.7907, 0.6092, 0.5435, 0.4468, 0.4065, 0.0085, 0.2839, 0.3565, 0.7503, 0.3565, 0.2497, 0.0012, 0.0930, 
 69  [VUI  2  4  1  3  0 ]  0.4430, 0.2820, 0.1933, 0.5022, 0.0696, 0.0552, 0.3382, 0.4149, 0.3689, 0.1913, 0.0920, 0.1380, 0.1953, 0.5481, 0.4444, 0.2638, 0.5757, 0.8421, 0.0080, 0.5613, 0.3343, 0.2014, 0.4337, 0.0530, 0.3270, 0.2401, 0.5426, 0.2182, 0.5138, 0.4595, 0.4420, 0.4199, 0.6128, 0.3803, 0.2771, 0.3387, 0.3645, 0.3373, 0.3733, 0.1563, 0.3006, 0.1460, 0.2663, 0.7834, 0.6064, 0.5452, 0.4416, 0.4097, 0.0000, 0.2765, 0.3497, 0.7474, 0.3497, 0.2526, 0.0000, 0.0943, 
 70  [VUI  2  4  3  0  1 ]  0.4389, 0.0183, 0.4589, 0.2904, 0.0343, 0.2661, 0.5518, 0.1993, 0.0674, 0.0159, 0.0494, 0.0029, 0.0316, 0.3579, 0.3104, 0.0677, 0.6402, 0.6936, 0.1316, 0.6533, 0.0958, 0.0384, 0.0602, 0.0414, 0.0087, 0.1002, 0.6508, 0.0227, 0.0525, 0.0183, 0.3456, 0.2316, 0.6868, 0.6699, 0.7289, 0.6278, 0.6687, 0.7437, 0.2010, 0.0266, 0.1253, 0.0153, 0.2262, 0.4723, 0.4239, 0.2938, 0.2194, 0.6360, 0.0085, 0.2346, 0.3565, 0.7503, 0.3565, 0.3558, 0.1710, 0.0930, 
 71  [VUI  2  4  3  1  0 ]  0.4353, 0.0166, 0.4561, 0.2874, 0.0353, 0.2668, 0.5525, 0.1957, 0.0653, 0.0150, 0.0506, 0.0000, 0.0316, 0.3550, 0.3059, 0.0645, 0.6415, 0.6945, 0.1249, 0.6525, 0.0925, 0.0373, 0.0615, 0.0340, 0.0072, 0.0943, 0.6492, 0.0183, 0.0534, 0.0219, 0.3398, 0.2281, 0.6884, 0.6708, 0.7297, 0.6294, 0.6701, 0.7430, 0.1998, 0.0237, 0.1218, 0.0118, 0.2238, 0.4694, 0.4237, 0.2989, 0.2173, 0.6360, 0.0000, 0.2278, 0.3497, 0.7474, 0.3497, 0.3573, 0.1675, 0.0943, 
 72  [VUI  3  0  1  2  4 ]  0.4679, 0.8600, 0.6270, 0.4802, 0.9732, 0.9615, 0.6553, 0.5426, 0.6833, 0.9110, 0.9245, 0.8941, 0.7598, 0.4496, 0.5202, 0.7639, 0.3503, 0.0831, 0.9177, 0.2936, 0.6351, 0.9125, 0.7507, 0.8195, 0.8027, 0.6684, 0.4394, 0.8105, 0.6678, 0.7185, 0.5103, 0.5474, 0.3144, 0.6191, 0.7269, 0.6623, 0.6363, 0.6224, 0.5499, 0.7688, 0.5973, 0.8209, 0.6759, 0.0404, 0.2759, 0.5977, 0.5584, 0.5623, 0.8603, 0.6462, 0.5944, 0.2570, 0.5944, 0.7430, 0.9810, 0.9795, 
 73  [VUI  3  0  1  4  2 ]  0.4746, 0.8590, 0.6336, 0.4757, 0.9790, 0.9674, 0.6620, 0.5389, 0.6812, 0.9101, 0.9332, 0.8951, 0.7676, 0.4445, 0.5163, 0.7611, 0.3582, 0.0909, 0.9173, 0.3023, 0.6319, 0.9102, 0.7481, 0.8216, 0.8032, 0.6663, 0.4311, 0.8098, 0.6681, 0.7214, 0.5073, 0.5432, 0.3220, 0.6246, 0.7300, 0.6670, 0.6411, 0.6273, 0.5566, 0.7740, 0.6016, 0.8245, 0.6832, 0.0404, 0.2833, 0.6028, 0.5532, 0.5694, 0.8615, 0.6435, 0.5910, 0.2497, 0.5910, 0.7503, 0.9810, 0.9821, 
 74  [VUI  3  0  2  1  4 ]  0.3505, 0.5879, 0.4751, 0.6191, 0.3899, 0.5148, 0.4080, 0.6157, 0.5354, 0.6024, 0.2615, 0.5951, 0.1985, 0.6426, 0.6946, 0.6642, 0.1694, 0.0026, 0.8710, 0.1859, 0.6033, 0.6662, 0.4716, 0.6925, 0.4829, 0.6917, 0.8658, 0.6449, 0.3225, 0.1702, 0.7194, 0.6502, 0.1686, 0.4739, 0.6703, 0.4879, 0.4947, 0.5974, 0.2029, 0.3900, 0.3615, 0.4914, 0.3359, 0.2497, 0.0670, 0.1051, 0.6332, 0.3926, 0.7731, 0.7923, 0.8407, 0.7803, 0.8407, 0.3243, 0.8135, 0.5142, 
 75  [VUI  3  0  2  4  1 ]  0.3555, 0.5831, 0.4797, 0.6166, 0.3875, 0.5144, 0.4113, 0.6130, 0.5313, 0.5972, 0.2609, 0.5919, 0.1985, 0.6402, 0.6932, 0.6600, 0.1748, 0.0093, 0.8698, 0.1930, 0.5997, 0.6604, 0.4651, 0.6928, 0.4790, 0.6900, 0.8633, 0.6419, 0.3180, 0.1654, 0.7193, 0.6474, 0.1741, 0.4774, 0.6727, 0.4901, 0.4975, 0.6019, 0.2048, 0.3898, 0.3625, 0.4904, 0.3384, 0.2526, 0.0715, 0.1034, 0.6290, 0.3973, 0.7731, 0.7916, 0.8407, 0.7803, 0.8407, 0.3258, 0.8112, 0.5103, 
 76  [VUI  3  0  4  1  2 ]  0.8370, 0.5139, 0.9606, 0.2925, 0.8074, 0.9439, 0.8928, 0.3478, 0.3854, 0.5354, 0.8917, 0.6650, 0.7676, 0.2740, 0.4137, 0.4620, 0.7448, 0.5739, 0.8354, 0.8162, 0.3710, 0.4997, 0.2829, 0.8470, 0.5206, 0.5380, 0.2567, 0.5928, 0.3448, 0.3787, 0.4980, 0.3445, 0.7163, 0.8748, 0.8998, 0.8299, 0.8476, 0.9478, 0.6954, 0.7645, 0.6748, 0.7513, 0.8638, 0.2497, 0.6053, 0.4797, 0.2541, 0.9089, 0.8615, 0.5948, 0.5910, 0.2497, 0.5910, 0.8550, 0.8135, 0.7029, 
 77  [VUI  3  0  4  2  1 ]  0.8354, 0.5101, 0.9585, 0.2945, 0.7993, 0.9377, 0.8893, 0.3488, 0.3834, 0.5311, 0.8825, 0.6609, 0.7598, 0.2767, 0.4161, 0.4607, 0.7422, 0.5728, 0.8348, 0.8147, 0.3706, 0.4962, 0.2790, 0.8452, 0.5162, 0.5384, 0.2626, 0.5905, 0.3400, 0.3710, 0.5009, 0.3459, 0.7143, 0.8727, 0.8990, 0.8274, 0.8456, 0.9475, 0.6906, 0.7592, 0.6715, 0.7467, 0.8591, 0.2526, 0.6024, 0.4728, 0.2551, 0.9065, 0.8603, 0.5969, 0.5944, 0.2570, 0.5944, 0.8491, 0.8112, 0.6964, 
 78  [VUI  3  1  0  2  4 ]  0.4189, 0.8357, 0.5887, 0.4388, 0.9865, 0.9706, 0.6649, 0.4927, 0.6547, 0.8982, 0.9405, 0.8542, 0.7598, 0.4106, 0.4568, 0.7190, 0.3677, 0.0960, 0.8253, 0.2824, 0.5897, 0.8966, 0.7687, 0.7166, 0.7812, 0.5863, 0.4170, 0.7500, 0.6795, 0.7684, 0.4305, 0.4985, 0.3363, 0.6316, 0.7378, 0.6847, 0.6545, 0.6128, 0.5342, 0.7286, 0.5487, 0.7715, 0.6431, 0.0000, 0.2725, 0.6689, 0.5295, 0.5623, 0.7426, 0.5523, 0.4994, 0.2166, 0.4994, 0.7632, 0.9325, 0.9974, 
 79  [VUI  3  1  0  4  2 ]  0.4256, 0.8346, 0.5953, 0.4343, 0.9922, 0.9765, 0.6715, 0.4891, 0.6527, 0.8973, 0.9492, 0.8552, 0.7676, 0.4056, 0.4530, 0.7162, 0.3757, 0.1039, 0.8248, 0.2911, 0.5865, 0.8943, 0.7661, 0.7187, 0.7817, 0.5842, 0.4086, 0.7492, 0.6798, 0.7712, 0.4275, 0.4943, 0.3439, 0.6371, 0.7410, 0.6894, 0.6593, 0.6176, 0.5410, 0.7338, 0.5530, 0.7750, 0.6504, 0.0000, 0.2799, 0.6741, 0.5243, 0.5694, 0.7438, 0.5496, 0.4960, 0.2093, 0.4960, 0.7705, 0.9325, 1.0000, 
 80  [VUI  3  1  2  0  4 ]  0.0475, 0.4375, 0.2383, 0.3630, 0.4718, 0.5709, 0.4670, 0.3073, 0.3590, 0.5236, 0.3604, 0.3481, 0.1985, 0.4017, 0.3029, 0.3867, 0.2773, 0.0826, 0.2991, 0.1167, 0.3224, 0.5682, 0.5826, 0.0561, 0.3498, 0.1840, 0.7271, 0.2702, 0.3945, 0.4784, 0.2261, 0.3477, 0.3039, 0.5509, 0.7378, 0.6266, 0.6073, 0.5376, 0.1063, 0.1414, 0.0609, 0.1857, 0.1331, 0.0000, 0.0462, 0.5458, 0.4548, 0.3926, 0.0451, 0.2116, 0.2532, 0.5306, 0.2532, 0.4492, 0.5138, 0.6252, 
 81  [VUI  3  1  2  4  0 ]  0.0491, 0.4310, 0.2401, 0.3574, 0.4704, 0.5712, 0.4709, 0.3010, 0.3528, 0.5174, 0.3609, 0.3420, 0.1985, 0.3965, 0.2969, 0.3793, 0.2839, 0.0903, 0.2913, 0.1230, 0.3155, 0.5614, 0.5774, 0.0490, 0.3443, 0.1763, 0.7230, 0.2628, 0.3908, 0.4772, 0.2202, 0.3414, 0.3110, 0.5553, 0.7410, 0.6305, 0.6115, 0.5414, 0.1071, 0.1384, 0.0584, 0.1811, 0.1332, 0.0000, 0.0505, 0.5492, 0.4485, 0.3973, 0.0366, 0.2041, 0.2463, 0.5277, 0.2463, 0.4521, 0.5079, 0.6226, 
 82  [VUI  3  1  4  0  2 ]  0.5341, 0.3635, 0.7238, 0.0364, 0.8893, 1.0000, 0.9517, 0.0394, 0.2090, 0.4565, 0.9906, 0.4181, 0.7676, 0.0330, 0.0219, 0.1846, 0.8527, 0.6539, 0.2635, 0.7470, 0.0902, 0.4017, 0.3939, 0.2106, 0.3875, 0.0303, 0.1180, 0.2181, 0.4167, 0.6869, 0.0046, 0.0420, 0.8516, 0.9518, 0.9673, 0.9686, 0.9602, 0.8881, 0.5988, 0.5159, 0.3741, 0.4455, 0.6610, 0.0000, 0.5845, 0.9204, 0.0757, 0.9089, 0.1335, 0.0141, 0.0034, 0.0000, 0.0034, 0.9798, 0.5138, 0.8139, 
 83  [VUI  3  1  4  2  0 ]  0.5289, 0.3580, 0.7189, 0.0353, 0.8821, 0.9944, 0.9490, 0.0369, 0.2049, 0.4513, 0.9825, 0.4110, 0.7598, 0.0329, 0.0198, 0.1800, 0.8514, 0.6537, 0.2562, 0.7446, 0.0865, 0.3972, 0.3913, 0.2014, 0.3815, 0.0247, 0.1223, 0.2114, 0.4127, 0.6828, 0.0018, 0.0399, 0.8512, 0.9506, 0.9673, 0.9678, 0.9595, 0.8870, 0.5929, 0.5078, 0.3673, 0.4374, 0.6539, 0.0000, 0.5814, 0.9187, 0.0747, 0.9065, 0.1238, 0.0094, 0.0000, 0.0044, 0.0000, 0.9754, 0.5079, 0.8087, 
 84  [VUI  3  2  0  1  4 ]  0.2789, 0.5111, 0.4075, 0.6045, 0.2907, 0.4377, 0.3699, 0.5799, 0.4783, 0.5302, 0.1496, 0.4975, 0.0902, 0.6409, 0.6649, 0.6001, 0.1519, 0.0000, 0.7695, 0.1539, 0.5517, 0.6028, 0.4357, 0.5651, 0.3997, 0.6142, 0.9256, 0.5524, 0.2676, 0.1143, 0.6800, 0.6211, 0.1623, 0.4583, 0.6703, 0.4766, 0.4856, 0.5829, 0.1203, 0.2767, 0.2674, 0.3784, 0.2375, 0.2497, 0.0233, 0.0813, 0.6187, 0.3598, 0.6386, 0.7265, 0.7932, 0.8409, 0.7932, 0.2638, 0.7327, 0.4424, 
 85  [VUI  3  2  0  4  1 ]  0.2839, 0.5063, 0.4121, 0.6020, 0.2883, 0.4373, 0.3731, 0.5772, 0.4742, 0.5250, 0.1490, 0.4943, 0.0902, 0.6385, 0.6635, 0.5959, 0.1573, 0.0067, 0.7683, 0.1611, 0.5481, 0.5971, 0.4292, 0.5654, 0.3958, 0.6124, 0.9231, 0.5494, 0.2631, 0.1095, 0.6798, 0.6184, 0.1678, 0.4618, 0.6727, 0.4789, 0.4884, 0.5874, 0.1223, 0.2766, 0.2685, 0.3774, 0.2400, 0.2526, 0.0278, 0.0796, 0.6146, 0.3646, 0.6386, 0.7259, 0.7932, 0.8409, 0.7932, 0.2652, 0.7304, 0.4385, 
 86  [VUI  3  2  1  0  4 ]  0.0249, 0.3850, 0.2090, 0.3898, 0.3593, 0.4847, 0.4193, 0.3214, 0.3305, 0.4641, 0.2325, 0.2904, 0.0902, 0.4389, 0.3365, 0.3675, 0.2424, 0.0671, 0.2901, 0.0959, 0.3163, 0.5207, 0.5287, 0.0316, 0.2881, 0.1885, 0.8093, 0.2382, 0.3279, 0.3726, 0.2664, 0.3676, 0.2758, 0.5229, 0.7269, 0.5929, 0.5800, 0.5328, 0.0394, 0.0684, 0.0154, 0.1221, 0.0675, 0.0404, 0.0059, 0.4508, 0.4692, 0.3598, 0.0283, 0.2397, 0.3007, 0.6316, 0.3007, 0.3684, 0.4815, 0.5355, 
 87  [VUI  3  2  1  4  0 ]  0.0264, 0.3785, 0.2108, 0.3842, 0.3579, 0.4850, 0.4233, 0.3151, 0.3243, 0.4579, 0.2331, 0.2843, 0.0902, 0.4337, 0.3305, 0.3601, 0.2490, 0.0747, 0.2822, 0.1022, 0.3094, 0.5139, 0.5235, 0.0245, 0.2826, 0.1808, 0.8053, 0.2308, 0.3242, 0.3714, 0.2605, 0.3613, 0.2829, 0.5273, 0.7300, 0.5968, 0.5842, 0.5366, 0.0402, 0.0653, 0.0129, 0.1175, 0.0677, 0.0404, 0.0102, 0.4542, 0.4629, 0.3646, 0.0198, 0.2323, 0.2938, 0.6286, 0.2938, 0.3714, 0.4756, 0.5329, 
 88  [VUI  3  2  4  0  1 ]  0.3924, 0.0352, 0.5406, 0.2041, 0.1853, 0.4609, 0.6533, 0.1276, 0.0306, 0.0842, 0.1905, 0.0572, 0.0902, 0.2659, 0.2325, 0.0643, 0.6343, 0.5568, 0.2071, 0.6169, 0.0518, 0.1045, 0.0570, 0.0573, 0.0016, 0.0585, 0.6325, 0.0182, 0.0000, 0.0251, 0.2570, 0.1660, 0.6756, 0.7765, 0.8990, 0.7580, 0.7893, 0.8579, 0.1801, 0.0588, 0.0896, 0.0479, 0.2507, 0.2526, 0.3325, 0.3259, 0.1659, 0.7040, 0.0283, 0.1904, 0.3007, 0.6316, 0.3007, 0.4746, 0.3116, 0.2524, 
 89  [VUI  3  2  4  1  0 ]  0.3888, 0.0334, 0.5378, 0.2011, 0.1863, 0.4615, 0.6540, 0.1240, 0.0285, 0.0833, 0.1916, 0.0543, 0.0902, 0.2631, 0.2279, 0.0611, 0.6356, 0.5577, 0.2004, 0.6161, 0.0485, 0.1034, 0.0583, 0.0499, 0.0000, 0.0526, 0.6308, 0.0138, 0.0008, 0.0287, 0.2512, 0.1625, 0.6772, 0.7774, 0.8998, 0.7597, 0.7906, 0.8572, 0.1790, 0.0559, 0.0861, 0.0443, 0.2483, 0.2497, 0.3322, 0.3311, 0.1638, 0.7040, 0.0198, 0.1836, 0.2938, 0.6286, 0.2938, 0.4760, 0.3081, 0.2537, 
 90  [VUI  3  4  0  1  2 ]  0.8579, 0.4230, 0.9854, 0.2158, 0.7876, 0.9484, 0.9468, 0.2611, 0.2999, 0.4504, 0.8997, 0.5807, 0.7676, 0.2021, 0.3306, 0.3595, 0.8368, 0.6800, 0.7272, 0.9041, 0.2753, 0.4047, 0.2111, 0.7490, 0.4446, 0.4312, 0.2006, 0.4903, 0.2940, 0.3624, 0.4164, 0.2572, 0.8142, 0.9355, 0.9434, 0.8837, 0.9056, 1.0000, 0.7066, 0.7225, 0.6403, 0.6877, 0.8659, 0.2497, 0.6641, 0.5272, 0.1676, 0.9743, 0.7438, 0.4916, 0.4960, 0.2093, 0.4960, 0.8953, 0.7327, 0.6670, 
 91  [VUI  3  4  0  2  1 ]  0.8563, 0.4192, 0.9833, 0.2177, 0.7794, 0.9422, 0.9434, 0.2621, 0.2978, 0.4461, 0.8905, 0.5766, 0.7598, 0.2048, 0.3330, 0.3581, 0.8342, 0.6788, 0.7265, 0.9026, 0.2749, 0.4012, 0.2072, 0.7472, 0.4401, 0.4315, 0.2065, 0.4880, 0.2892, 0.3548, 0.4193, 0.2587, 0.8122, 0.9334, 0.9426, 0.8813, 0.9036, 0.9997, 0.7017, 0.7172, 0.6370, 0.6831, 0.8611, 0.2526, 0.6612, 0.5203, 0.1686, 0.9720, 0.7426, 0.4936, 0.4994, 0.2166, 0.4994, 0.8895, 0.7304, 0.6605, 
 92  [VUI  3  4  1  0  2 ]  0.6040, 0.2970, 0.7869, 0.0011, 0.8562, 0.9955, 0.9963, 0.0026, 0.1520, 0.3843, 0.9826, 0.3737, 0.7676, 0.0001, 0.0021, 0.1269, 0.9272, 0.7470, 0.2477, 0.8461, 0.0399, 0.3226, 0.3041, 0.2155, 0.3330, 0.0056, 0.0843, 0.1762, 0.3543, 0.6208, 0.0028, 0.0037, 0.9277, 1.0000, 1.0000, 1.0000, 1.0000, 0.9499, 0.6256, 0.5141, 0.3882, 0.4314, 0.6959, 0.0404, 0.6467, 0.8966, 0.0180, 0.9743, 0.1335, 0.0047, 0.0034, 0.0000, 0.0034, 1.0000, 0.4815, 0.7601, 
 93  [VUI  3  4  1  2  0 ]  0.5988, 0.2914, 0.7820, 0.0000, 0.8490, 0.9899, 0.9935, 0.0000, 0.1479, 0.3791, 0.9745, 0.3667, 0.7598, 0.0000, 0.0000, 0.1223, 0.9260, 0.7469, 0.2404, 0.8438, 0.0361, 0.3180, 0.3016, 0.2063, 0.3270, 0.0000, 0.0886, 0.1695, 0.3504, 0.6167, 0.0000, 0.0016, 0.9272, 0.9989, 1.0000, 0.9992, 0.9993, 0.9489, 0.6196, 0.5059, 0.3814, 0.4232, 0.6888, 0.0404, 0.6435, 0.8949, 0.0170, 0.9720, 0.1238, 0.0000, 0.0000, 0.0044, 0.0000, 0.9956, 0.4756, 0.7549, 
 94  [VUI  3  4  2  0  1 ]  0.4849, 0.0211, 0.6329, 0.1419, 0.2648, 0.5425, 0.7455, 0.0767, 0.0021, 0.0714, 0.3103, 0.0705, 0.1985, 0.1958, 0.1790, 0.0259, 0.7438, 0.6654, 0.2003, 0.7368, 0.0076, 0.0729, 0.0211, 0.0867, 0.0087, 0.0293, 0.5166, 0.0083, 0.0042, 0.0648, 0.2149, 0.1079, 0.7798, 0.8527, 0.9426, 0.8231, 0.8564, 0.9245, 0.2738, 0.1300, 0.1492, 0.0973, 0.3511, 0.2526, 0.4349, 0.3972, 0.0938, 0.8022, 0.0451, 0.1528, 0.2532, 0.5306, 0.2532, 0.5755, 0.3116, 0.2883, 
 95  [VUI  3  4  2  1  0 ]  0.4814, 0.0193, 0.6302, 0.1390, 0.2657, 0.5431, 0.7462, 0.0731, 0.0000, 0.0705, 0.3115, 0.0676, 0.1985, 0.1930, 0.1745, 0.0226, 0.7450, 0.6664, 0.1936, 0.7360, 0.0043, 0.0717, 0.0224, 0.0793, 0.0072, 0.0233, 0.5150, 0.0039, 0.0051, 0.0684, 0.2091, 0.1044, 0.7814, 0.8536, 0.9434, 0.8247, 0.8578, 0.9238, 0.2727, 0.1271, 0.1457, 0.0937, 0.3487, 0.2497, 0.4346, 0.4023, 0.0917, 0.8022, 0.0366, 0.1460, 0.2463, 0.5277, 0.2463, 0.5770, 0.3081, 0.2896, 
 96  [VUI  4  0  1  2  3 ]  0.9985, 0.7458, 0.7190, 0.5255, 0.7765, 0.6244, 0.6789, 0.5829, 0.6944, 0.6266, 0.9245, 0.7622, 0.9945, 0.4818, 0.5717, 0.6210, 0.8102, 0.9871, 0.6327, 0.8997, 0.6077, 0.5593, 0.6173, 0.8832, 0.8560, 0.6935, 0.0366, 0.7860, 0.8643, 0.8546, 0.6435, 0.5376, 0.7714, 0.5613, 0.3213, 0.4789, 0.4942, 0.5004, 0.9976, 0.9453, 0.9586, 0.9084, 0.9959, 0.7907, 0.9996, 0.7742, 0.4512, 0.7245, 0.8603, 0.6462, 0.5944, 0.2570, 0.5944, 0.7430, 0.5007, 0.5793, 
 97  [VUI  4  0  1  3  2 ]  1.0000, 0.7459, 0.7248, 0.5205, 0.7841, 0.6336, 0.6854, 0.5788, 0.6922, 0.6285, 0.9332, 0.7644, 1.0000, 0.4764, 0.5673, 0.6196, 0.8136, 0.9861, 0.6350, 0.9024, 0.6048, 0.5605, 0.6160, 0.8847, 0.8560, 0.6911, 0.0321, 0.7855, 0.8627, 0.8561, 0.6392, 0.5335, 0.7745, 0.5674, 0.3284, 0.4854, 0.5004, 0.5064, 1.0000, 0.9487, 0.9594, 0.9111, 1.0000, 0.7834, 1.0000, 0.7777, 0.4470, 0.7300, 0.8615, 0.6435, 0.5910, 0.2497, 0.5910, 0.7503, 0.5054, 0.5857, 
 98  [VUI  4  0  2  1  3 ]  0.8811, 0.4737, 0.5672, 0.6644, 0.1932, 0.1777, 0.4317, 0.6559, 0.5465, 0.3181, 0.2615, 0.4631, 0.4332, 0.6748, 0.7461, 0.5213, 0.6292, 0.9066, 0.5860, 0.7919, 0.5759, 0.3131, 0.3382, 0.7562, 0.5362, 0.7168, 0.4629, 0.6203, 0.5190, 0.3063, 0.8526, 0.6404, 0.6255, 0.4161, 0.2647, 0.3044, 0.3526, 0.4753, 0.6506, 0.5665, 0.7229, 0.5789, 0.6558, 1.0000, 0.7907, 0.2817, 0.5260, 0.5548, 0.7731, 0.7923, 0.8407, 0.7803, 0.8407, 0.3243, 0.3332, 0.1140, 
 99  [VUI  4  0  2  3  1 ]  0.8810, 0.4701, 0.5709, 0.6614, 0.1927, 0.1806, 0.4347, 0.6529, 0.5423, 0.3156, 0.2609, 0.4612, 0.4309, 0.6721, 0.7442, 0.5185, 0.6301, 0.9045, 0.5876, 0.7932, 0.5726, 0.3108, 0.3330, 0.7559, 0.5318, 0.7148, 0.4644, 0.6176, 0.5126, 0.3002, 0.8512, 0.6377, 0.6266, 0.4201, 0.2710, 0.3085, 0.3568, 0.4810, 0.6482, 0.5646, 0.7204, 0.5770, 0.6552, 0.9956, 0.7882, 0.2782, 0.5228, 0.5579, 0.7731, 0.7916, 0.8407, 0.7803, 0.8407, 0.3258, 0.3355, 0.1140, 
100  [VUI  4  0  3  1  2 ]  0.9923, 0.4805, 0.9876, 0.3058, 0.7498, 0.8452, 0.8997, 0.3596, 0.3887, 0.4521, 0.8917, 0.6264, 0.8363, 0.2834, 0.4288, 0.4202, 0.8794, 0.8386, 0.7520, 0.9936, 0.3630, 0.3963, 0.2438, 0.8657, 0.5362, 0.5454, 0.1387, 0.5856, 0.4023, 0.4185, 0.5370, 0.3416, 0.8501, 0.8578, 0.7810, 0.7761, 0.8060, 0.9121, 0.8265, 0.8162, 0.7806, 0.7769, 0.9575, 0.4694, 0.8172, 0.5314, 0.2227, 0.9564, 0.8615, 0.5948, 0.5910, 0.2497, 0.5910, 0.8550, 0.6729, 0.5857, 
101  [VUI  4  0  3  2  1 ]  0.9907, 0.4767, 0.9855, 0.3077, 0.7417, 0.8390, 0.8962, 0.3606, 0.3866, 0.4478, 0.8825, 0.6222, 0.8285, 0.2861, 0.4312, 0.4188, 0.8769, 0.8374, 0.7513, 0.9921, 0.3626, 0.3929, 0.2399, 0.8639, 0.5318, 0.5457, 0.1446, 0.5833, 0.3975, 0.4109, 0.5399, 0.3430, 0.8481, 0.8558, 0.7802, 0.7737, 0.8040, 0.9117, 0.8217, 0.8109, 0.7773, 0.7723, 0.9528, 0.4723, 0.8143, 0.5245, 0.2237, 0.9540, 0.8603, 0.5969, 0.5944, 0.2570, 0.5944, 0.8491, 0.6705, 0.5793, 
102  [VUI  4  1  0  2  3 ]  0.9495, 0.7215, 0.6808, 0.4841, 0.7897, 0.6335, 0.6885, 0.5330, 0.6659, 0.6139, 0.9405, 0.7223, 0.9945, 0.4428, 0.5083, 0.5761, 0.8276, 1.0000, 0.5403, 0.8885, 0.5623, 0.5435, 0.6353, 0.7803, 0.8345, 0.6114, 0.0141, 0.7254, 0.8759, 0.9044, 0.5638, 0.4887, 0.7933, 0.5737, 0.3322, 0.5013, 0.5124, 0.4907, 0.9820, 0.9051, 0.9100, 0.8590, 0.9631, 0.7503, 0.9963, 0.8455, 0.4223, 0.7245, 0.7426, 0.5523, 0.4994, 0.2166, 0.4994, 0.7632, 0.4522, 0.5972, 
103  [VUI  4  1  0  3  2 ]  0.9510, 0.7216, 0.6865, 0.4791, 0.7974, 0.6427, 0.6949, 0.5290, 0.6637, 0.6157, 0.9492, 0.7245, 1.0000, 0.4374, 0.5040, 0.5747, 0.8310, 0.9991, 0.5426, 0.8912, 0.5594, 0.5447, 0.6340, 0.7818, 0.8345, 0.6091, 0.0097, 0.7249, 0.8743, 0.9060, 0.5594, 0.4846, 0.7963, 0.5798, 0.3393, 0.5078, 0.5186, 0.4967, 0.9844, 0.9086, 0.9108, 0.8617, 0.9672, 0.7430, 0.9966, 0.8489, 0.4182, 0.7300, 0.7438, 0.5496, 0.4960, 0.2093, 0.4960, 0.7705, 0.4569, 0.6037, 
104  [VUI  4  1  2  0  3 ]  0.5781, 0.3234, 0.3304, 0.4083, 0.2750, 0.2338, 0.4907, 0.3476, 0.3701, 0.2392, 0.3604, 0.2162, 0.4332, 0.4338, 0.3544, 0.2438, 0.7371, 0.9866, 0.0141, 0.7227, 0.2951, 0.2151, 0.4492, 0.1198, 0.4031, 0.2091, 0.3242, 0.2456, 0.5909, 0.6144, 0.3593, 0.3379, 0.7609, 0.4931, 0.3322, 0.4432, 0.4652, 0.4156, 0.5540, 0.3180, 0.4222, 0.2732, 0.4530, 0.7503, 0.7700, 0.7223, 0.3476, 0.5548, 0.0451, 0.2116, 0.2532, 0.5306, 0.2532, 0.4492, 0.0335, 0.2250, 
105  [VUI  4  1  2  3  0 ]  0.5745, 0.3179, 0.3313, 0.4023, 0.2755, 0.2374, 0.4943, 0.3409, 0.3638, 0.2358, 0.3609, 0.2114, 0.4309, 0.4283, 0.3479, 0.2378, 0.7393, 0.9855, 0.0090, 0.7232, 0.2884, 0.2117, 0.4453, 0.1121, 0.3971, 0.2012, 0.3241, 0.2385, 0.5853, 0.6119, 0.3521, 0.3317, 0.7635, 0.4980, 0.3393, 0.4488, 0.4707, 0.4205, 0.5505, 0.3132, 0.4162, 0.2677, 0.4501, 0.7430, 0.7672, 0.7241, 0.3424, 0.5579, 0.0366, 0.2041, 0.2463, 0.5277, 0.2463, 0.4521, 0.0323, 0.2263, 
106  [VUI  4  1  3  0  2 ]  0.6894, 0.3301, 0.7508, 0.0496, 0.8317, 0.9013, 0.9587, 0.0512, 0.2123, 0.3733, 0.9906, 0.3794, 0.8363, 0.0424, 0.0370, 0.1428, 0.9873, 0.9186, 0.1801, 0.9244, 0.0822, 0.2984, 0.3548, 0.2293, 0.4031, 0.0377, 0.0000, 0.2109, 0.4742, 0.7267, 0.0437, 0.0391, 0.9854, 0.9348, 0.8485, 0.9149, 0.9186, 0.8523, 0.7299, 0.5676, 0.4799, 0.4711, 0.7547, 0.2197, 0.7965, 0.9721, 0.0443, 0.9564, 0.1335, 0.0141, 0.0034, 0.0000, 0.0034, 0.9798, 0.3732, 0.6967, 
107  [VUI  4  1  3  2  0 ]  0.6842, 0.3245, 0.7459, 0.0486, 0.8245, 0.8957, 0.9559, 0.0486, 0.2082, 0.3681, 0.9825, 0.3724, 0.8285, 0.0423, 0.0349, 0.1381, 0.9860, 0.9184, 0.1727, 0.9221, 0.0784, 0.2938, 0.3522, 0.2201, 0.3971, 0.0321, 0.0043, 0.2042, 0.4702, 0.7227, 0.0408, 0.0370, 0.9850, 0.9337, 0.8485, 0.9141, 0.9179, 0.8513, 0.7240, 0.5594, 0.4731, 0.4630, 0.7476, 0.2197, 0.7933, 0.9703, 0.0433, 0.9540, 0.1238, 0.0094, 0.0000, 0.0044, 0.0000, 0.9754, 0.3673, 0.6915, 
108  [VUI  4  2  0  1  3 ]  0.8094, 0.3970, 0.4996, 0.6498, 0.0939, 0.1006, 0.3935, 0.6202, 0.4895, 0.2458, 0.1496, 0.3655, 0.3249, 0.6731, 0.7164, 0.4572, 0.6118, 0.9040, 0.4845, 0.7599, 0.5244, 0.2497, 0.3023, 0.6288, 0.4530, 0.6392, 0.5227, 0.5278, 0.4640, 0.2503, 0.8132, 0.6113, 0.6193, 0.4005, 0.2647, 0.2932, 0.3435, 0.4608, 0.5681, 0.4532, 0.6288, 0.4659, 0.5575, 1.0000, 0.7471, 0.2579, 0.5115, 0.5221, 0.6386, 0.7265, 0.7932, 0.8409, 0.7932, 0.2638, 0.2524, 0.0422, 
109  [VUI  4  2  0  3  1 ]  0.8093, 0.3933, 0.5033, 0.6468, 0.0934, 0.1035, 0.3965, 0.6171, 0.4853, 0.2434, 0.1490, 0.3636, 0.3226, 0.6704, 0.7145, 0.4544, 0.6127, 0.9019, 0.4861, 0.7612, 0.5210, 0.2474, 0.2971, 0.6285, 0.4486, 0.6372, 0.5242, 0.5250, 0.4576, 0.2442, 0.8118, 0.6086, 0.6203, 0.4046, 0.2710, 0.2973, 0.3477, 0.4665, 0.5656, 0.4514, 0.6263, 0.4640, 0.5569, 0.9956, 0.7446, 0.2545, 0.5084, 0.5252, 0.6386, 0.7259, 0.7932, 0.8409, 0.7932, 0.2652, 0.2548, 0.0422, 
110  [VUI  4  2  1  0  3 ]  0.5555, 0.2709, 0.3011, 0.4351, 0.1625, 0.1476, 0.4430, 0.3616, 0.3416, 0.1797, 0.2325, 0.1585, 0.3249, 0.4711, 0.3880, 0.2246, 0.7022, 0.9711, 0.0051, 0.7019, 0.2889, 0.1676, 0.3953, 0.0953, 0.3414, 0.2136, 0.4064, 0.2137, 0.5243, 0.5087, 0.3996, 0.3577, 0.7327, 0.4651, 0.3213, 0.4095, 0.4379, 0.4107, 0.4871, 0.2449, 0.3767, 0.2096, 0.3874, 0.7907, 0.7297, 0.6273, 0.3620, 0.5221, 0.0283, 0.2397, 0.3007, 0.6316, 0.3007, 0.3684, 0.0012, 0.1353, 
111  [VUI  4  2  1  3  0 ]  0.5518, 0.2654, 0.3020, 0.4291, 0.1630, 0.1512, 0.4467, 0.3550, 0.3353, 0.1763, 0.2331, 0.1537, 0.3226, 0.4656, 0.3815, 0.2186, 0.7044, 0.9699, 0.0000, 0.7024, 0.2823, 0.1642, 0.3914, 0.0876, 0.3354, 0.2057, 0.4063, 0.2065, 0.5187, 0.5062, 0.3925, 0.3515, 0.7354, 0.4700, 0.3284, 0.4152, 0.4434, 0.4157, 0.4835, 0.2401, 0.3707, 0.2042, 0.3845, 0.7834, 0.7269, 0.6291, 0.3568, 0.5252, 0.0198, 0.2323, 0.2938, 0.6286, 0.2938, 0.3714, 0.0000, 0.1366, 
112  [VUI  4  2  3  0  1 ]  0.5477, 0.0018, 0.5675, 0.2173, 0.1277, 0.3622, 0.6603, 0.1394, 0.0338, 0.0009, 0.1905, 0.0185, 0.1589, 0.2754, 0.2476, 0.0225, 0.7690, 0.8214, 0.1236, 0.7944, 0.0438, 0.0011, 0.0179, 0.0760, 0.0172, 0.0658, 0.5145, 0.0110, 0.0575, 0.0650, 0.2960, 0.1632, 0.8094, 0.7596, 0.7802, 0.7043, 0.7477, 0.8221, 0.3112, 0.1105, 0.1954, 0.0735, 0.3443, 0.4723, 0.5444, 0.3776, 0.1345, 0.7515, 0.0283, 0.1904, 0.3007, 0.6316, 0.3007, 0.4746, 0.1710, 0.1353, 
113  [VUI  4  2  3  1  0 ]  0.5442, 0.0000, 0.5648, 0.2143, 0.1287, 0.3628, 0.6610, 0.1358, 0.0318, 0.0000, 0.1916, 0.0157, 0.1589, 0.2726, 0.2430, 0.0192, 0.7702, 0.8224, 0.1169, 0.7936, 0.0405, 0.0000, 0.0192, 0.0686, 0.0156, 0.0599, 0.5129, 0.0066, 0.0584, 0.0686, 0.2902, 0.1596, 0.8110, 0.7605, 0.7810, 0.7060, 0.7490, 0.8214, 0.3101, 0.1076, 0.1919, 0.0699, 0.3420, 0.4694, 0.5441, 0.3828, 0.1325, 0.7515, 0.0198, 0.1836, 0.2938, 0.6286, 0.2938, 0.4760, 0.1675, 0.1366, 
114  [VUI  4  3  0  1  2 ]  0.9419, 0.4050, 1.0000, 0.2230, 0.7564, 0.8951, 0.9505, 0.2675, 0.3016, 0.4054, 0.8997, 0.5599, 0.8047, 0.2072, 0.3387, 0.3369, 0.9095, 0.8230, 0.6820, 1.0000, 0.2710, 0.3488, 0.1900, 0.7591, 0.4530, 0.4352, 0.1368, 0.4865, 0.3251, 0.3839, 0.4375, 0.2557, 0.8866, 0.9263, 0.8792, 0.8547, 0.8831, 0.9807, 0.7774, 0.7504, 0.6975, 0.7015, 0.9165, 0.3684, 0.7786, 0.5551, 0.1506, 1.0000, 0.7438, 0.4916, 0.4960, 0.2093, 0.4960, 0.8953, 0.6567, 0.6037, 
115  [VUI  4  3  0  2  1 ]  0.9403, 0.4012, 0.9979, 0.2249, 0.7483, 0.8889, 0.9471, 0.2685, 0.2996, 0.4011, 0.8905, 0.5557, 0.7969, 0.2099, 0.3411, 0.3355, 0.9070, 0.8219, 0.6814, 0.9985, 0.2705, 0.3454, 0.1861, 0.7573, 0.4486, 0.4355, 0.1428, 0.4841, 0.3203, 0.3763, 0.4404, 0.2571, 0.8845, 0.9243, 0.8784, 0.8522, 0.8811, 0.9803, 0.7726, 0.7451, 0.6942, 0.6970, 0.9118, 0.3714, 0.7757, 0.5483, 0.1516, 0.9976, 0.7426, 0.4936, 0.4994, 0.2166, 0.4994, 0.8895, 0.6544, 0.5972, 
116  [VUI  4  3  1  0  2 ]  0.6879, 0.2789, 0.8015, 0.0082, 0.8250, 0.9421, 1.0000, 0.0090, 0.1538, 0.3393, 0.9826, 0.3528, 0.8047, 0.0052, 0.0103, 0.1043, 1.0000, 0.8901, 0.2026, 0.9420, 0.0355, 0.2667, 0.2830, 0.2256, 0.3414, 0.0096, 0.0206, 0.1723, 0.3854, 0.6423, 0.0239, 0.0021, 1.0000, 0.9908, 0.9358, 0.9710, 0.9775, 0.9306, 0.6965, 0.5420, 0.4454, 0.4453, 0.7465, 0.1591, 0.7612, 0.9246, 0.0010, 1.0000, 0.1335, 0.0047, 0.0034, 0.0000, 0.0034, 1.0000, 0.4055, 0.6967, 
117  [VUI  4  3  1  2  0 ]  0.6828, 0.2733, 0.7966, 0.0072, 0.8179, 0.9365, 0.9972, 0.0064, 0.1496, 0.3340, 0.9745, 0.3458, 0.7969, 0.0051, 0.0082, 0.0997, 0.9987, 0.8899, 0.1953, 0.9397, 0.0318, 0.2621, 0.2804, 0.2164, 0.3354, 0.0040, 0.0249, 0.1656, 0.3814, 0.6383, 0.0211, 0.0000, 0.9995, 0.9897, 0.9358, 0.9702, 0.9769, 0.9295, 0.6905, 0.5339, 0.4386, 0.4371, 0.7394, 0.1591, 0.7580, 0.9228, 0.0000, 0.9976, 0.1238, 0.0000, 0.0000, 0.0044, 0.0000, 0.9956, 0.3996, 0.6915, 
118  [VUI  4  3  2  0  1 ]  0.5689, 0.0030, 0.6475, 0.1491, 0.2336, 0.4891, 0.7493, 0.0830, 0.0038, 0.0264, 0.3103, 0.0496, 0.2356, 0.2009, 0.1872, 0.0032, 0.8165, 0.8085, 0.1552, 0.8327, 0.0033, 0.0170, 0.0000, 0.0968, 0.0172, 0.0332, 0.4528, 0.0044, 0.0353, 0.0863, 0.2360, 0.1063, 0.8521, 0.8436, 0.8784, 0.7941, 0.8340, 0.9052, 0.3446, 0.1579, 0.2064, 0.1112, 0.4017, 0.3714, 0.5494, 0.4251, 0.0769, 0.8279, 0.0451, 0.1528, 0.2532, 0.5306, 0.2532, 0.5755, 0.2356, 0.2250, 
119  [VUI  4  3  2  1  0 ]  0.5654, 0.0013, 0.6447, 0.1461, 0.2346, 0.4898, 0.7500, 0.0794, 0.0018, 0.0255, 0.3115, 0.0467, 0.2356, 0.1981, 0.1826, 0.0000, 0.8178, 0.8094, 0.1485, 0.8319, 0.0000, 0.0158, 0.0013, 0.0894, 0.0156, 0.0273, 0.4512, 0.0000, 0.0362, 0.0899, 0.2302, 0.1028, 0.8537, 0.8445, 0.8792, 0.7957, 0.8353, 0.9045, 0.3435, 0.1550, 0.2029, 0.1076, 0.3994, 0.3684, 0.5492, 0.4303, 0.0748, 0.8279, 0.0366, 0.1460, 0.2463, 0.5277, 0.2463, 0.5770, 0.2321, 0.2263, 

Computing best position for each actor
Best for 00 is [VUI  4  0  1  3  2 ]
Best for 01 is [VUI  0  1  3  2  4 ]
Best for 02 is [VUI  4  3  0  1  2 ]
Best for 03 is [VUI  0  2  1  4  3 ]
Best for 04 is [VUI  1  3  0  4  2 ]
Best for 05 is [VUI  3  1  4  0  2 ]
Best for 06 is [VUI  4  3  1  0  2 ]
Best for 07 is [VUI  0  2  1  4  3 ]
Best for 08 is [VUI  0  1  2  4  3 ]
Best for 09 is [VUI  0  1  3  2  4 ]
Best for 10 is [VUI  1  3  4  0  2 ]
Best for 11 is [VUI  0  1  3  4  2 ]
Best for 12 is [VUI  0  1  4  3  2 ]
Best for 13 is [VUI  0  2  1  4  3 ]
Best for 14 is [VUI  0  2  1  4  3 ]
Best for 15 is [VUI  0  1  2  3  4 ]
Best for 16 is [VUI  4  3  1  0  2 ]
Best for 17 is [VUI  4  1  0  2  3 ]
Best for 18 is [VUI  0  3  1  2  4 ]
Best for 19 is [VUI  4  3  0  1  2 ]
Best for 20 is [VUI  0  1  2  3  4 ]
Best for 21 is [VUI  0  1  3  2  4 ]
Best for 22 is [VUI  1  0  2  3  4 ]
Best for 23 is [VUI  0  4  1  3  2 ]
Best for 24 is [VUI  0  1  4  2  3 ]
Best for 25 is [VUI  0  2  1  4  3 ]
Best for 26 is [VUI  2  0  3  1  4 ]
Best for 27 is [VUI  0  1  2  3  4 ]
Best for 28 is [VUI  1  0  4  2  3 ]
Best for 29 is [VUI  1  0  4  3  2 ]
Best for 30 is [VUI  0  2  1  4  3 ]
Best for 31 is [VUI  0  2  1  3  4 ]
Best for 32 is [VUI  4  3  1  0  2 ]
Best for 33 is [VUI  3  4  1  0  2 ]
Best for 34 is [VUI  3  4  1  0  2 ]
Best for 35 is [VUI  3  4  1  0  2 ]
Best for 36 is [VUI  3  4  1  0  2 ]
Best for 37 is [VUI  3  4  0  1  2 ]
Best for 38 is [VUI  4  0  1  3  2 ]
Best for 39 is [VUI  0  1  4  3  2 ]
Best for 40 is [VUI  0  4  1  3  2 ]
Best for 41 is [VUI  0  1  4  3  2 ]
Best for 42 is [VUI  4  0  1  3  2 ]
Best for 43 is [VUI  0  2  4  1  3 ]
Best for 44 is [VUI  4  0  1  3  2 ]
Best for 45 is [VUI  1  4  3  0  2 ]
Best for 46 is [VUI  0  2  1  3  4 ]
Best for 47 is [VUI  4  3  0  1  2 ]
Best for 48 is [VUI  0  1  3  4  2 ]
Best for 49 is [VUI  0  2  1  3  4 ]
Best for 50 is [VUI  0  2  1  3  4 ]
Best for 51 is [VUI  2  0  1  3  4 ]
Best for 52 is [VUI  0  2  1  3  4 ]
Best for 53 is [VUI  3  4  1  0  2 ]
Best for 54 is [VUI  0  3  1  2  4 ]
Best for 55 is [VUI  1  3  0  4  2 ]
Computing zeta ... 
Sorting positions from most to least net support ...
Displaying highest 120
   0:   19  1146.89  [VUI  0  4  1  3  2 ]
   1:   18  1144.43  [VUI  0  4  1  2  3 ]
   2:   22  1138.85  [VUI  0  4  3  1  2 ]
   3:    5  1138.49  [VUI  0  1  4  3  2 ]
   4:   23  1136.28  [VUI  0  4  3  2  1 ]
   5:    4  1136.03  [VUI  0  1  4  2  3 ]
   6:   16  1128.90  [VUI  0  3  4  1  2 ]
   7:   17  1126.33  [VUI  0  3  4  2  1 ]
   8:   97  1101.76  [VUI  4  0  1  3  2 ]
   9:   96  1099.30  [VUI  4  0  1  2  3 ]
  10:  100  1093.72  [VUI  4  0  3  1  2 ]
  11:  101  1091.15  [VUI  4  0  3  2  1 ]
  12:    3  1086.89  [VUI  0  1  3  4  2 ]
  13:   13  1085.34  [VUI  0  3  1  4  2 ]
  14:    2  1083.72  [VUI  0  1  3  2  4 ]
  15:   29  1083.47  [VUI  1  0  4  3  2 ]
  16:   12  1082.17  [VUI  0  3  1  2  4 ]
  17:   28  1081.02  [VUI  1  0  4  2  3 ]
  18:   76  1072.06  [VUI  3  0  4  1  2 ]
  19:   77  1069.49  [VUI  3  0  4  2  1 ]
  20:  103  1054.99  [VUI  4  1  0  3  2 ]
  21:  102  1052.54  [VUI  4  1  0  2  3 ]
  22:  114  1045.40  [VUI  4  3  0  1  2 ]
  23:   43  1045.11  [VUI  1  4  0  3  2 ]
  24:  115  1042.84  [VUI  4  3  0  2  1 ]
  25:   42  1042.66  [VUI  1  4  0  2  3 ]
  26:   90  1033.70  [VUI  3  4  0  1  2 ]
  27:   27  1031.88  [VUI  1  0  3  4  2 ]
  28:   91  1031.13  [VUI  3  4  0  2  1 ]
  29:   26  1028.70  [VUI  1  0  3  2  4 ]
  30:   73  1028.50  [VUI  3  0  1  4  2 ]
  31:   72  1025.33  [VUI  3  0  1  2  4 ]
  32:   37  983.56  [VUI  1  3  0  4  2 ]
  33:   79  981.74  [VUI  3  1  0  4  2 ]
  34:   36  980.39  [VUI  1  3  0  2  4 ]
  35:   78  978.57  [VUI  3  1  0  2  4 ]
  36:   20  960.38  [VUI  0  4  2  1  3 ]
  37:   21  960.27  [VUI  0  4  2  3  1 ]
  38:   10  916.48  [VUI  0  2  4  1  3 ]
  39:   11  916.37  [VUI  0  2  4  3  1 ]
  40:   98  915.25  [VUI  4  0  2  1  3 ]
  41:   99  915.14  [VUI  4  0  2  3  1 ]
  42:    1  908.42  [VUI  0  1  2  4  3 ]
  43:    0  907.70  [VUI  0  1  2  3  4 ]
  44:   15  898.72  [VUI  0  3  2  4  1 ]
  45:   14  898.11  [VUI  0  3  2  1  4 ]
  46:    7  872.93  [VUI  0  2  1  4  3 ]
  47:    6  872.21  [VUI  0  2  1  3  4 ]
  48:    9  864.77  [VUI  0  2  3  4  1 ]
  49:    8  864.17  [VUI  0  2  3  1  4 ]
  50:   25  853.41  [VUI  1  0  2  4  3 ]
  51:   24  852.69  [VUI  1  0  2  3  4 ]
  52:   75  841.88  [VUI  3  0  2  4  1 ]
  53:   74  841.28  [VUI  3  0  2  1  4 ]
  54:  108  832.99  [VUI  4  2  0  1  3 ]
  55:  109  832.88  [VUI  4  2  0  3  1 ]
  56:   52  819.71  [VUI  2  0  4  1  3 ]
  57:   53  819.59  [VUI  2  0  4  3  1 ]
  58:  106  804.49  [VUI  4  1  3  0  2 ]
  59:  116  802.94  [VUI  4  3  1  0  2 ]
  60:  107  798.55  [VUI  4  1  3  2  0 ]
  61:  117  797.00  [VUI  4  3  1  2  0 ]
  62:   46  794.61  [VUI  1  4  3  0  2 ]
  63:   92  791.23  [VUI  3  4  1  0  2 ]
  64:   47  788.67  [VUI  1  4  3  2  0 ]
  65:   93  785.29  [VUI  3  4  1  2  0 ]
  66:   40  784.66  [VUI  1  3  4  0  2 ]
  67:   82  782.83  [VUI  3  1  4  0  2 ]
  68:   66  781.34  [VUI  2  4  0  1  3 ]
  69:   67  781.23  [VUI  2  4  0  3  1 ]
  70:   41  778.71  [VUI  1  3  4  2  0 ]
  71:   83  776.89  [VUI  3  1  4  2  0 ]
  72:   49  776.15  [VUI  2  0  1  4  3 ]
  73:   48  775.43  [VUI  2  0  1  3  4 ]
  74:   31  771.15  [VUI  1  2  0  4  3 ]
  75:   30  770.43  [VUI  1  2  0  3  4 ]
  76:   51  768.00  [VUI  2  0  3  4  1 ]
  77:   50  767.39  [VUI  2  0  3  1  4 ]
  78:   85  759.62  [VUI  3  2  0  4  1 ]
  79:   84  759.02  [VUI  3  2  0  1  4 ]
  80:   55  729.39  [VUI  2  1  0  4  3 ]
  81:   54  728.67  [VUI  2  1  0  3  4 ]
  82:   61  719.68  [VUI  2  3  0  4  1 ]
  83:   60  719.08  [VUI  2  3  0  1  4 ]
  84:  104  626.02  [VUI  4  1  2  0  3 ]
  85:  105  622.53  [VUI  4  1  2  3  0 ]
  86:  118  616.32  [VUI  4  3  2  0  1 ]
  87:   44  616.14  [VUI  1  4  2  0  3 ]
  88:  119  612.94  [VUI  4  3  2  1  0 ]
  89:   45  612.65  [VUI  1  4  2  3  0 ]
  90:   94  604.62  [VUI  3  4  2  0  1 ]
  91:   95  601.24  [VUI  3  4  2  1  0 ]
  92:  110  590.53  [VUI  4  2  1  0  3 ]
  93:  111  587.04  [VUI  4  2  1  3  0 ]
  94:  112  582.38  [VUI  4  2  3  0  1 ]
  95:  113  579.00  [VUI  4  2  3  1  0 ]
  96:   34  572.24  [VUI  1  2  4  0  3 ]
  97:   35  568.75  [VUI  1  2  4  3  0 ]
  98:   88  560.72  [VUI  3  2  4  0  1 ]
  99:   89  557.34  [VUI  3  2  4  1  0 ]
 100:   38  553.88  [VUI  1  3  2  0  4 ]
 101:   80  552.05  [VUI  3  1  2  0  4 ]
 102:   39  551.10  [VUI  1  3  2  4  0 ]
 103:   81  549.28  [VUI  3  1  2  4  0 ]
 104:   68  538.88  [VUI  2  4  1  0  3 ]
 105:   69  535.39  [VUI  2  4  1  3  0 ]
 106:   70  530.73  [VUI  2  4  3  0  1 ]
 107:   58  530.48  [VUI  2  1  4  0  3 ]
 108:   71  527.35  [VUI  2  4  3  1  0 ]
 109:   59  526.99  [VUI  2  1  4  3  0 ]
 110:   64  520.78  [VUI  2  3  4  0  1 ]
 111:   32  519.93  [VUI  1  2  3  0  4 ]
 112:   65  517.40  [VUI  2  3  4  1  0 ]
 113:   33  517.16  [VUI  1  2  3  4  0 ]
 114:   86  516.55  [VUI  3  2  1  0  4 ]
 115:   87  513.78  [VUI  3  2  1  4  0 ]
 116:   56  478.17  [VUI  2  1  3  0  4 ]
 117:   62  476.62  [VUI  2  3  1  0  4 ]
 118:   57  475.40  [VUI  2  1  3  4  0 ]
 119:   63  473.84  [VUI  2  3  1  4  0 ]
Starting Model::run iteration 1

State number 0
Position 00: [VUI  4  0  1  3  2 ]
Position 01: [VUI  0  1  3  2  4 ]
Position 02: [VUI  4  3  0  1  2 ]
Position 03: [VUI  0  2  1  4  3 ]
Position 04: [VUI  1  3  0  4  2 ]
Position 05: [VUI  3  1  4  0  2 ]
Position 06: [VUI  4  3  1  0  2 ]
Position 07: [VUI  0  2  1  4  3 ]
Position 08: [VUI  0  1  2  4  3 ]
Position 09: [VUI  0  1  3  2  4 ]
Position 10: [VUI  1  3  4  0  2 ]
Position 11: [VUI  0  1  3  4  2 ]
Position 12: [VUI  0  1  4  3  2 ]
Position 13: [VUI  0  2  1  4  3 ]
Position 14: [VUI  0  2  1  4  3 ]
Position 15: [VUI  0  1  2  3  4 ]
Position 16: [VUI  4  3  1  0  2 ]
Position 17: [VUI  4  1  0  2  3 ]
Position 18: [VUI  0  3  1  2  4 ]
Position 19: [VUI  4  3  0  1  2 ]
Position 20: [VUI  0  1  2  3  4 ]
Position 21: [VUI  0  1  3  2  4 ]
Position 22: [VUI  1  0  2  3  4 ]
Position 23: [VUI  0  4  1  3  2 ]
Position 24: [VUI  0  1  4  2  3 ]
Position 25: [VUI  0  2  1  4  3 ]
Position 26: [VUI  2  0  3  1  4 ]
Position 27: [VUI  0  1  2  3  4 ]
Position 28: [VUI  1  0  4  2  3 ]
Position 29: [VUI  1  0  4  3  2 ]
Position 30: [VUI  0  2  1  4  3 ]
Position 31: [VUI  0  2  1  3  4 ]
Position 32: [VUI  4  3  1  0  2 ]
Position 33: [VUI  3  4  1  0  2 ]
Position 34: [VUI  3  4  1  0  2 ]
Position 35: [VUI  3  4  1  0  2 ]
Position 36: [VUI  3  4  1  0  2 ]
Position 37: [VUI  3  4  0  1  2 ]
Position 38: [VUI  4  0  1  3  2 ]
Position 39: [VUI  0  1  4  3  2 ]
Position 40: [VUI  0  4  1  3  2 ]
Position 41: [VUI  0  1  4  3  2 ]
Position 42: [VUI  4  0  1  3  2 ]
Position 43: [VUI  0  2  4  1  3 ]
Position 44: [VUI  4  0  1  3  2 ]
Position 45: [VUI  1  4  3  0  2 ]
Position 46: [VUI  0  2  1  3  4 ]
Position 47: [VUI  4  3  0  1  2 ]
Position 48: [VUI  0  1  3  4  2 ]
Position 49: [VUI  0  2  1  3  4 ]
Position 50: [VUI  0  2  1  3  4 ]
Position 51: [VUI  2  0  1  3  4 ]
Position 52: [VUI  0  2  1  3  4 ]
Position 53: [VUI  3  4  1  0  2 ]
Position 54: [VUI  0  3  1  2  4 ]
Position 55: [VUI  1  3  0  4  2 ]
Number of aUtils: 56
There are 26 unique positions 
   0:  0.0143 
   1:  0.0040 
   2:  0.0023 
   3:  0.0000 
   4:  0.0000 
   5:  0.0000 
   6:  0.0000 
   8:  0.0000 
  10:  0.0000 
  11:  0.0126 
  12:  0.3472 
  15:  0.0000 
  17:  0.0001 
  18:  0.0064 
  22:  0.0000 
  23:  0.4821 
  24:  0.1295 
  26:  0.0000 
  28:  0.0001 
  29:  0.0004 
  31:  0.0000 
  33:  0.0000 
  37:  0.0011 
  43:  0.0000 
  45:  0.0000 
  51:  0.0000 

Actor expected utilities: 0.9522, 0.8745, 0.6750, 0.6223, 0.8183, 0.6299, 0.6073, 0.6928, 0.8114, 0.7521, 0.9263, 0.8780, 0.9997, 0.5716, 0.6715, 0.7590, 0.6808, 0.8304, 0.7676, 0.7663, 0.7338, 0.6982, 0.7297, 0.9982, 0.9631, 0.8248, 0.1094, 0.9196, 0.9424, 0.8966, 0.7356, 0.6485, 0.6342, 0.4803, 0.2667, 0.4119, 0.4193, 0.4250, 0.9778, 0.9985, 0.9951, 0.9903, 0.9859, 0.7697, 0.9101, 0.7293, 0.5676, 0.6316, 0.9999, 0.7680, 0.7027, 0.2973, 0.7027, 0.6962, 0.6112, 0.6457, 


Starting Model::run iteration 2

State number 1
Position 00: [VUI  0  4  1  2  3 ]
Position 01: [VUI  1  0  3  2  4 ]
Position 02: [VUI  0  4  3  1  2 ]
Position 03: [VUI  0  2  1  4  3 ]
Position 04: [VUI  1  3  0  4  2 ]
Position 05: [VUI  0  4  3  1  2 ]
Position 06: [VUI  0  4  3  1  2 ]
Position 07: [VUI  0  2  1  4  3 ]
Position 08: [VUI  0  1  2  4  3 ]
Position 09: [VUI  1  0  3  2  4 ]
Position 10: [VUI  1  3  4  0  2 ]
Position 11: [VUI  1  0  3  4  2 ]
Position 12: [VUI  1  4  0  3  2 ]
Position 13: [VUI  0  2  1  4  3 ]
Position 14: [VUI  0  2  1  4  3 ]
Position 15: [VUI  0  1  2  3  4 ]
Position 16: [VUI  0  4  1  2  3 ]
Position 17: [VUI  0  4  1  2  3 ]
Position 18: [VUI  0  4  3  1  2 ]
Position 19: [VUI  0  4  1  2  3 ]
Position 20: [VUI  0  1  2  3  4 ]
Position 21: [VUI  1  0  3  2  4 ]
Position 22: [VUI  1  0  2  3  4 ]
Position 23: [VUI  0  4  1  2  3 ]
Position 24: [VUI  0  1  4  2  3 ]
Position 25: [VUI  0  2  1  4  3 ]
Position 26: [VUI  0  4  3  1  2 ]
Position 27: [VUI  0  1  2  3  4 ]
Position 28: [VUI  1  0  4  2  3 ]
Position 29: [VUI  1  0  4  3  2 ]
Position 30: [VUI  0  4  1  2  3 ]
Position 31: [VUI  0  2  1  3  4 ]
Position 32: [VUI  0  4  1  2  3 ]
Position 33: [VUI  0  4  3  1  2 ]
Position 34: [VUI  0  4  3  1  2 ]
Position 35: [VUI  0  4  3  1  2 ]
Position 36: [VUI  0  4  3  1  2 ]
Position 37: [VUI  0  4  3  1  2 ]
Position 38: [VUI  0  4  1  2  3 ]
Position 39: [VUI  1  4  0  3  2 ]
Position 40: [VUI  0  4  1  2  3 ]
Position 41: [VUI  0  1  4  3  2 ]
Position 42: [VUI  0  4  1  2  3 ]
Position 43: [VUI  0  4  1  2  3 ]
Position 44: [VUI  0  4  1  2  3 ]
Position 45: [VUI  1  4  3  0  2 ]
Position 46: [VUI  0  2  1  3  4 ]
Position 47: [VUI  0  4  3  1  2 ]
Position 48: [VUI  0  1  3  4  2 ]
Position 49: [VUI  0  2  1  3  4 ]
Position 50: [VUI  0  4  1  2  3 ]
Position 51: [VUI  2  0  1  3  4 ]
Position 52: [VUI  0  4  1  2  3 ]
Position 53: [VUI  0  4  3  1  2 ]
Position 54: [VUI  0  3  4  1  2 ]
Position 55: [VUI  1  0  3  4  2 ]
Number of aUtils: 56
There are 20 unique positions 
   0:  0.3399 
   1:  0.0001 
   2:  0.0701 
   3:  0.0000 
   4:  0.0000 
   8:  0.0001 
  10:  0.0000 
  11:  0.0003 
  12:  0.0001 
  15:  0.0000 
  22:  0.0000 
  24:  0.1432 
  28:  0.0002 
  29:  0.0007 
  31:  0.0000 
  41:  0.3804 
  45:  0.0000 
  48:  0.0292 
  51:  0.0000 
  54:  0.0358 

Actor expected utilities: 0.9722, 0.8454, 0.6975, 0.6092, 0.7998, 0.6266, 0.6218, 0.6783, 0.7862, 0.7224, 0.9144, 0.8579, 0.9894, 0.5604, 0.6651, 0.7362, 0.7027, 0.8554, 0.7644, 0.7973, 0.7133, 0.6674, 0.6914, 0.9978, 0.9361, 0.8148, 0.1065, 0.9008, 0.9101, 0.8608, 0.7359, 0.6345, 0.6572, 0.4987, 0.2845, 0.4248, 0.4354, 0.4513, 0.9783, 0.9906, 0.9931, 0.9792, 0.9915, 0.7791, 0.9232, 0.7109, 0.5466, 0.6538, 0.9988, 0.7662, 0.7060, 0.3041, 0.7060, 0.6989, 0.6021, 0.6229, 


Starting Model::run iteration 3

State number 2
Position 00: [VUI  0  4  1  3  2 ]
Position 01: [VUI  0  1  3  2  4 ]
Position 02: [VUI  0  4  3  2  1 ]
Position 03: [VUI  1  4  0  2  3 ]
Position 04: [VUI  0  3  1  4  2 ]
Position 05: [VUI  0  4  3  2  1 ]
Position 06: [VUI  0  4  3  2  1 ]
Position 07: [VUI  1  4  0  2  3 ]
Position 08: [VUI  0  1  2  4  3 ]
Position 09: [VUI  0  1  3  2  4 ]
Position 10: [VUI  1  3  4  0  2 ]
Position 11: [VUI  0  3  1  4  2 ]
Position 12: [VUI  0  4  1  3  2 ]
Position 13: [VUI  1  4  0  2  3 ]
Position 14: [VUI  1  4  0  2  3 ]
Position 15: [VUI  0  1  3  2  4 ]
Position 16: [VUI  0  4  1  3  2 ]
Position 17: [VUI  0  4  1  3  2 ]
Position 18: [VUI  0  4  3  2  1 ]
Position 19: [VUI  0  4  1  3  2 ]
Position 20: [VUI  1  4  0  2  3 ]
Position 21: [VUI  0  1  3  2  4 ]
Position 22: [VUI  1  0  2  3  4 ]
Position 23: [VUI  0  4  1  3  2 ]
Position 24: [VUI  0  1  4  2  3 ]
Position 25: [VUI  1  4  0  2  3 ]
Position 26: [VUI  0  3  1  4  2 ]
Position 27: [VUI  1  2  0  3  4 ]
Position 28: [VUI  1  0  4  2  3 ]
Position 29: [VUI  1  0  4  3  2 ]
Position 30: [VUI  1  4  0  2  3 ]
Position 31: [VUI  1  4  0  2  3 ]
Position 32: [VUI  0  4  1  3  2 ]
Position 33: [VUI  0  4  3  2  1 ]
Position 34: [VUI  0  4  3  2  1 ]
Position 35: [VUI  0  4  3  2  1 ]
Position 36: [VUI  0  4  3  2  1 ]
Position 37: [VUI  0  4  3  2  1 ]
Position 38: [VUI  0  4  1  3  2 ]
Position 39: [VUI  0  4  1  3  2 ]
Position 40: [VUI  0  4  1  3  2 ]
Position 41: [VUI  0  1  4  3  2 ]
Position 42: [VUI  0  4  1  3  2 ]
Position 43: [VUI  0  4  1  3  2 ]
Position 44: [VUI  0  4  1  3  2 ]
Position 45: [VUI  1  4  0  2  3 ]
Position 46: [VUI  0  1  3  2  4 ]
Position 47: [VUI  0  4  3  2  1 ]
Position 48: [VUI  0  1  3  4  2 ]
Position 49: [VUI  0  2  1  3  4 ]
Position 50: [VUI  0  4  1  2  3 ]
Position 51: [VUI  2  0  1  3  4 ]
Position 52: [VUI  0  4  1  2  3 ]
Position 53: [VUI  0  4  3  2  1 ]
Position 54: [VUI  0  3  4  1  2 ]
Position 55: [VUI  0  3  1  4  2 ]
Number of aUtils: 56
There are 18 unique positions 
   0:  0.4131 
   1:  0.0033 
   2:  0.0436 
   3:  0.0000 
   4:  0.0062 
   8:  0.0001 
  10:  0.0000 
  22:  0.0000 
  24:  0.0903 
  27:  0.0000 
  28:  0.0000 
  29:  0.0002 
  41:  0.2447 
  48:  0.0102 
  49:  0.0000 
  50:  0.1618 
  51:  0.0000 
  54:  0.0264 

Actor expected utilities: 0.9752, 0.8526, 0.6959, 0.6106, 0.8075, 0.6285, 0.6220, 0.6806, 0.7926, 0.7284, 0.9237, 0.8635, 0.9998, 0.5607, 0.6650, 0.7400, 0.7053, 0.8609, 0.7626, 0.7989, 0.7172, 0.6722, 0.7001, 1.0000, 0.9451, 0.8167, 0.0983, 0.9058, 0.9218, 0.8748, 0.7350, 0.6359, 0.6592, 0.4963, 0.2776, 0.4224, 0.4325, 0.4454, 0.9866, 0.9980, 0.9997, 0.9857, 0.9975, 0.7829, 0.9305, 0.7215, 0.5486, 0.6532, 1.0000, 0.7650, 0.7028, 0.2972, 0.7028, 0.7029, 0.6007, 0.6281, 


Starting Model::run iteration 4

State number 3
Position 00: [VUI  4  0  1  3  2 ]
Position 01: [VUI  1  0  3  2  4 ]
Position 02: [VUI  0  4  3  1  2 ]
Position 03: [VUI  1  4  0  3  2 ]
Position 04: [VUI  1  0  3  4  2 ]
Position 05: [VUI  0  4  3  1  2 ]
Position 06: [VUI  0  4  3  1  2 ]
Position 07: [VUI  1  4  0  3  2 ]
Position 08: [VUI  0  1  2  4  3 ]
Position 09: [VUI  1  0  3  2  4 ]
Position 10: [VUI  1  3  4  0  2 ]
Position 11: [VUI  1  0  3  4  2 ]
Position 12: [VUI  1  4  0  3  2 ]
Position 13: [VUI  1  4  0  3  2 ]
Position 14: [VUI  1  4  0  3  2 ]
Position 15: [VUI  1  0  3  2  4 ]
Position 16: [VUI  0  4  3  1  2 ]
Position 17: [VUI  1  4  0  3  2 ]
Position 18: [VUI  0  4  3  1  2 ]
Position 19: [VUI  0  4  3  1  2 ]
Position 20: [VUI  1  4  0  3  2 ]
Position 21: [VUI  1  0  3  2  4 ]
Position 22: [VUI  1  0  2  3  4 ]
Position 23: [VUI  0  4  1  3  2 ]
Position 24: [VUI  0  1  4  2  3 ]
Position 25: [VUI  1  4  0  3  2 ]
Position 26: [VUI  0  3  4  2  1 ]
Position 27: [VUI  1  2  0  3  4 ]
Position 28: [VUI  1  0  4  2  3 ]
Position 29: [VUI  1  0  4  3  2 ]
Position 30: [VUI  1  4  0  3  2 ]
Position 31: [VUI  1  4  0  3  2 ]
Position 32: [VUI  0  4  3  1  2 ]
Position 33: [VUI  0  4  3  1  2 ]
Position 34: [VUI  0  4  3  1  2 ]
Position 35: [VUI  0  4  3  1  2 ]
Position 36: [VUI  0  4  3  1  2 ]
Position 37: [VUI  0  4  3  1  2 ]
Position 38: [VUI  1  4  0  3  2 ]
Position 39: [VUI  1  4  0  3  2 ]
Position 40: [VUI  1  4  0  3  2 ]
Position 41: [VUI  0  1  4  3  2 ]
Position 42: [VUI  1  4  0  3  2 ]
Position 43: [VUI  1  4  0  3  2 ]
Position 44: [VUI  1  4  0  3  2 ]
Position 45: [VUI  1  4  0  3  2 ]
Position 46: [VUI  1  0  3  2  4 ]
Position 47: [VUI  0  4  3  1  2 ]
Position 48: [VUI  0  1  3  4  2 ]
Position 49: [VUI  0  2  1  3  4 ]
Position 50: [VUI  0  4  1  2  3 ]
Position 51: [VUI  2  0  1  3  4 ]
Position 52: [VUI  0  4  1  2  3 ]
Position 53: [VUI  0  4  3  1  2 ]
Position 54: [VUI  0  3  4  1  2 ]
Position 55: [VUI  1  0  3  4  2 ]
Number of aUtils: 56
There are 20 unique positions 
   0:  0.0047 
   1:  0.0000 
   2:  0.0503 
   3:  0.0000 
   4:  0.0001 
   8:  0.0000 
  10:  0.0000 
  22:  0.0000 
  23:  0.4326 
  24:  0.0797 
  26:  0.0080 
  27:  0.0000 
  28:  0.0000 
  29:  0.0001 
  41:  0.2213 
  48:  0.0105 
  49:  0.0000 
  50:  0.1636 
  51:  0.0000 
  54:  0.0290 

Actor expected utilities: 0.9721, 0.8546, 0.6926, 0.6127, 0.8068, 0.6269, 0.6191, 0.6826, 0.7947, 0.7303, 0.9218, 0.8644, 0.9981, 0.5629, 0.6665, 0.7422, 0.7017, 0.8573, 0.7629, 0.7946, 0.7193, 0.6746, 0.7031, 0.9994, 0.9466, 0.8179, 0.1009, 0.9071, 0.9237, 0.8761, 0.7359, 0.6380, 0.6557, 0.4935, 0.2755, 0.4202, 0.4300, 0.4424, 0.9846, 0.9969, 0.9986, 0.9853, 0.9950, 0.7824, 0.9276, 0.7210, 0.5514, 0.6498, 0.9997, 0.7659, 0.7036, 0.2990, 0.7036, 0.7005, 0.6011, 0.6285, 


Starting Model::run iteration 5

State number 4
Position 00: [VUI  4  0  1  3  2 ]
Position 01: [VUI  1  4  0  2  3 ]
Position 02: [VUI  0  4  3  2  1 ]
Position 03: [VUI  1  4  0  2  3 ]
Position 04: [VUI  1  0  3  4  2 ]
Position 05: [VUI  0  4  3  2  1 ]
Position 06: [VUI  0  4  3  2  1 ]
Position 07: [VUI  1  4  0  2  3 ]
Position 08: [VUI  0  1  2  4  3 ]
Position 09: [VUI  0  1  3  2  4 ]
Position 10: [VUI  1  3  4  0  2 ]
Position 11: [VUI  1  0  2  4  3 ]
Position 12: [VUI  1  4  0  2  3 ]
Position 13: [VUI  1  4  0  2  3 ]
Position 14: [VUI  1  4  0  2  3 ]
Position 15: [VUI  1  4  0  2  3 ]
Position 16: [VUI  0  4  3  2  1 ]
Position 17: [VUI  1  4  0  2  3 ]
Position 18: [VUI  0  4  3  2  1 ]
Position 19: [VUI  0  4  3  2  1 ]
Position 20: [VUI  1  4  0  2  3 ]
Position 21: [VUI  0  1  3  2  4 ]
Position 22: [VUI  1  0  2  3  4 ]
Position 23: [VUI  0  4  1  3  2 ]
Position 24: [VUI  0  1  4  2  3 ]
Position 25: [VUI  1  4  0  2  3 ]
Position 26: [VUI  0  3  4  2  1 ]
Position 27: [VUI  1  4  0  2  3 ]
Position 28: [VUI  1  0  4  2  3 ]
Position 29: [VUI  1  0  4  3  2 ]
Position 30: [VUI  1  4  0  2  3 ]
Position 31: [VUI  1  4  0  2  3 ]
Position 32: [VUI  0  4  3  2  1 ]
Position 33: [VUI  0  4  3  2  1 ]
Position 34: [VUI  0  4  3  2  1 ]
Position 35: [VUI  0  4  3  2  1 ]
Position 36: [VUI  0  4  3  2  1 ]
Position 37: [VUI  0  4  3  2  1 ]
Position 38: [VUI  1  4  0  2  3 ]
Position 39: [VUI  1  4  0  2  3 ]
Position 40: [VUI  1  4  0  2  3 ]
Position 41: [VUI  0  1  4  3  2 ]
Position 42: [VUI  1  4  0  2  3 ]
Position 43: [VUI  1  4  0  2  3 ]
Position 44: [VUI  1  4  0  2  3 ]
Position 45: [VUI  1  4  0  2  3 ]
Position 46: [VUI  1  4  0  2  3 ]
Position 47: [VUI  0  4  3  2  1 ]
Position 48: [VUI  0  1  3  4  2 ]
Position 49: [VUI  0  2  1  3  4 ]
Position 50: [VUI  0  4  1  2  3 ]
Position 51: [VUI  2  0  1  3  4 ]
Position 52: [VUI  0  4  1  2  3 ]
Position 53: [VUI  0  4  3  2  1 ]
Position 54: [VUI  0  3  4  1  2 ]
Position 55: [VUI  0  3  1  4  2 ]
Number of aUtils: 56
There are 21 unique positions 
   0:  0.0040 
   1:  0.0000 
   2:  0.0398 
   4:  0.0000 
   8:  0.0000 
   9:  0.0025 
  10:  0.0000 
  11:  0.0000 
  22:  0.0000 
  23:  0.4392 
  24:  0.0790 
  26:  0.0079 
  28:  0.0000 
  29:  0.0001 
  41:  0.2210 
  48:  0.0080 
  49:  0.0000 
  50:  0.1650 
  51:  0.0000 
  54:  0.0291 
  55:  0.0045 

Actor expected utilities: 0.9733, 0.8543, 0.6929, 0.6128, 0.8064, 0.6263, 0.6193, 0.6826, 0.7947, 0.7297, 0.9218, 0.8641, 0.9985, 0.5629, 0.6666, 0.7418, 0.7027, 0.8591, 0.7623, 0.7959, 0.7192, 0.6738, 0.7028, 0.9995, 0.9466, 0.8179, 0.1001, 0.9070, 0.9240, 0.8762, 0.7362, 0.6379, 0.6566, 0.4935, 0.2748, 0.4199, 0.4298, 0.4423, 0.9855, 0.9973, 0.9993, 0.9855, 0.9957, 0.7839, 0.9291, 0.7214, 0.5511, 0.6502, 0.9997, 0.7659, 0.7036, 0.2990, 0.7036, 0.7006, 0.6002, 0.6277, 


Starting Model::run iteration 6

State number 5
Position 00: [VUI  4  0  1  3  2 ]
Position 01: [VUI  1  4  0  3  2 ]
Position 02: [VUI  0  4  3  1  2 ]
Position 03: [VUI  1  4  0  3  2 ]
Position 04: [VUI  1  0  3  4  2 ]
Position 05: [VUI  0  4  3  1  2 ]
Position 06: [VUI  0  4  3  1  2 ]
Position 07: [VUI  1  4  0  3  2 ]
Position 08: [VUI  0  1  2  4  3 ]
Position 09: [VUI  1  0  3  2  4 ]
Position 10: [VUI  1  3  4  0  2 ]
Position 11: [VUI  1  0  2  4  3 ]
Position 12: [VUI  1  4  0  3  2 ]
Position 13: [VUI  1  4  0  3  2 ]
Position 14: [VUI  1  4  0  3  2 ]
Position 15: [VUI  1  2  0  4  3 ]
Position 16: [VUI  0  4  3  1  2 ]
Position 17: [VUI  1  4  0  3  2 ]
Position 18: [VUI  0  4  3  1  2 ]
Position 19: [VUI  0  4  3  1  2 ]
Position 20: [VUI  1  4  0  3  2 ]
Position 21: [VUI  1  0  3  2  4 ]
Position 22: [VUI  1  4  0  3  2 ]
Position 23: [VUI  0  4  1  3  2 ]
Position 24: [VUI  0  1  4  2  3 ]
Position 25: [VUI  1  4  0  3  2 ]
Position 26: [VUI  0  3  4  2  1 ]
Position 27: [VUI  1  4  0  3  2 ]
Position 28: [VUI  1  0  4  2  3 ]
Position 29: [VUI  1  0  4  3  2 ]
Position 30: [VUI  1  4  0  3  2 ]
Position 31: [VUI  1  4  0  3  2 ]
Position 32: [VUI  0  4  3  1  2 ]
Position 33: [VUI  0  4  3  1  2 ]
Position 34: [VUI  0  4  3  1  2 ]
Position 35: [VUI  0  4  3  1  2 ]
Position 36: [VUI  0  4  3  1  2 ]
Position 37: [VUI  0  4  3  1  2 ]
Position 38: [VUI  1  4  0  3  2 ]
Position 39: [VUI  1  4  0  3  2 ]
Position 40: [VUI  1  4  0  3  2 ]
Position 41: [VUI  0  1  4  3  2 ]
Position 42: [VUI  1  4  0  3  2 ]
Position 43: [VUI  1  4  0  3  2 ]
Position 44: [VUI  1  4  0  3  2 ]
Position 45: [VUI  1  4  0  3  2 ]
Position 46: [VUI  1  4  0  3  2 ]
Position 47: [VUI  0  4  3  1  2 ]
Position 48: [VUI  0  1  3  4  2 ]
Position 49: [VUI  0  2  1  3  4 ]
Position 50: [VUI  0  4  1  2  3 ]
Position 51: [VUI  2  0  1  3  4 ]
Position 52: [VUI  0  4  1  2  3 ]
Position 53: [VUI  0  4  3  1  2 ]
Position 54: [VUI  0  3  4  1  2 ]
Position 55: [VUI  0  3  1  4  2 ]
Number of aUtils: 56
There are 21 unique positions 
   0:  0.0041 
   1:  0.0000 
   2:  0.0483 
   4:  0.0000 
   8:  0.0000 
   9:  0.0000 
  10:  0.0000 
  11:  0.0000 
  15:  0.0000 
  23:  0.4352 
  24:  0.0785 
  26:  0.0075 
  28:  0.0000 
  29:  0.0001 
  41:  0.2201 
  48:  0.0090 
  49:  0.0000 
  50:  0.1632 
  51:  0.0000 
  54:  0.0274 
  55:  0.0065 

Actor expected utilities: 0.9731, 0.8542, 0.6930, 0.6126, 0.8065, 0.6265, 0.6194, 0.6825, 0.7945, 0.7297, 0.9219, 0.8641, 0.9984, 0.5628, 0.6665, 0.7418, 0.7026, 0.8588, 0.7624, 0.7958, 0.7191, 0.6739, 0.7026, 0.9995, 0.9465, 0.8178, 0.1002, 0.9070, 0.9237, 0.8760, 0.7361, 0.6378, 0.6566, 0.4937, 0.2752, 0.4201, 0.4300, 0.4425, 0.9853, 0.9972, 0.9991, 0.9854, 0.9956, 0.7835, 0.9288, 0.7212, 0.5510, 0.6503, 0.9997, 0.7658, 0.7036, 0.2989, 0.7036, 0.7007, 0.6004, 0.6279, 


Starting Model::run iteration 7

State number 6
Position 00: [VUI  4  0  1  3  2 ]
Position 01: [VUI  1  4  0  2  3 ]
Position 02: [VUI  0  4  3  2  1 ]
Position 03: [VUI  1  4  0  2  3 ]
Position 04: [VUI  1  0  3  4  2 ]
Position 05: [VUI  0  4  3  2  1 ]
Position 06: [VUI  0  4  3  2  1 ]
Position 07: [VUI  1  4  0  2  3 ]
Position 08: [VUI  0  1  2  4  3 ]
Position 09: [VUI  0  1  3  2  4 ]
Position 10: [VUI  1  3  4  0  2 ]
Position 11: [VUI  1  0  2  4  3 ]
Position 12: [VUI  1  4  0  2  3 ]
Position 13: [VUI  1  4  0  2  3 ]
Position 14: [VUI  1  4  0  2  3 ]
Position 15: [VUI  1  2  0  4  3 ]
Position 16: [VUI  0  4  3  2  1 ]
Position 17: [VUI  1  4  0  2  3 ]
Position 18: [VUI  0  4  3  2  1 ]
Position 19: [VUI  0  4  3  2  1 ]
Position 20: [VUI  1  4  0  2  3 ]
Position 21: [VUI  0  1  3  2  4 ]
Position 22: [VUI  1  4  0  2  3 ]
Position 23: [VUI  0  4  1  3  2 ]
Position 24: [VUI  0  1  4  2  3 ]
Position 25: [VUI  1  4  0  2  3 ]
Position 26: [VUI  0  3  4  2  1 ]
Position 27: [VUI  1  4  0  2  3 ]
Position 28: [VUI  1  0  4  2  3 ]
Position 29: [VUI  1  0  4  3  2 ]
Position 30: [VUI  1  4  0  2  3 ]
Position 31: [VUI  1  4  0  2  3 ]
Position 32: [VUI  0  4  3  2  1 ]
Position 33: [VUI  0  4  3  2  1 ]
Position 34: [VUI  0  4  3  2  1 ]
Position 35: [VUI  0  4  3  2  1 ]
Position 36: [VUI  0  4  3  2  1 ]
Position 37: [VUI  0  4  3  2  1 ]
Position 38: [VUI  1  4  0  2  3 ]
Position 39: [VUI  1  4  0  2  3 ]
Position 40: [VUI  1  4  0  2  3 ]
Position 41: [VUI  0  1  4  3  2 ]
Position 42: [VUI  1  4  0  2  3 ]
Position 43: [VUI  1  4  0  2  3 ]
Position 44: [VUI  1  4  0  2  3 ]
Position 45: [VUI  1  4  0  2  3 ]
Position 46: [VUI  1  4  0  2  3 ]
Position 47: [VUI  0  4  3  2  1 ]
Position 48: [VUI  0  1  3  4  2 ]
Position 49: [VUI  0  2  1  3  4 ]
Position 50: [VUI  0  4  1  2  3 ]
Position 51: [VUI  2  0  1  3  4 ]
Position 52: [VUI  0  4  1  2  3 ]
Position 53: [VUI  0  4  3  2  1 ]
Position 54: [VUI  0  3  4  1  2 ]
Position 55: [VUI  0  3  1  4  2 ]
Number of aUtils: 56
There are 21 unique positions 
   0:  0.0040 
   1:  0.0000 
   2:  0.0398 
   4:  0.0000 
   8:  0.0000 
   9:  0.0025 
  10:  0.0000 
  11:  0.0000 
  15:  0.0000 
  23:  0.4396 
  24:  0.0788 
  26:  0.0079 
  28:  0.0000 
  29:  0.0001 
  41:  0.2205 
  48:  0.0080 
  49:  0.0000 
  50:  0.1652 
  51:  0.0000 
  54:  0.0290 
  55:  0.0045 

Actor expected utilities: 0.9733, 0.8543, 0.6929, 0.6128, 0.8064, 0.6263, 0.6193, 0.6826, 0.7946, 0.7297, 0.9218, 0.8641, 0.9985, 0.5629, 0.6666, 0.7418, 0.7027, 0.8591, 0.7623, 0.7959, 0.7192, 0.6738, 0.7028, 0.9995, 0.9466, 0.8179, 0.1001, 0.9070, 0.9240, 0.8762, 0.7362, 0.6379, 0.6567, 0.4935, 0.2748, 0.4199, 0.4298, 0.4423, 0.9855, 0.9973, 0.9993, 0.9855, 0.9957, 0.7839, 0.9291, 0.7214, 0.5511, 0.6502, 0.9997, 0.7659, 0.7036, 0.2990, 0.7036, 0.7006, 0.6002, 0.6277, 


State number 7 matched state number 5 
  Finish time: Fri Jul  1 10:44:24 2016

  Elapsed time: 39.2988 seconds 
