  Software version: rpdemo 0.2
  Start time: Fri Jul  1 10:44:43 2016

Using PRNG seed:  15455440707583219804 
Same seed in hex:   0xD67CC16FE69C185C 
Generating default name from UTC start time
Scenario assigned name: -|Scenario-UTC-2016-07-01-0744-43|-
Name of scenario: ReformPriorities_top4_ref
Found 5 categories 
Found 5 items 
pDecline factor: 0.850 
obFactor: 0.100 
Found 48 actors 
done reading XML
There are 48 actors and 5 reform items 
Computing positions ... 
For 5 reform items there are 120 positions
Computing utilities of positions ... 
Effective gov costs:
33.000 26.000 15.000 28.000 34.000 

Complete (normalized) utility matrix of all possible positions (rows) versus actors (columns)
  0  [VUI  0  1  2  3  4 ]  0.4342, 0.8402, 0.1568, 0.9716, 0.4231, 0.2036, 0.0926, 0.9984, 0.9998, 0.8678, 0.3015, 0.8380, 0.6721, 0.9828, 0.9692, 0.9908, 0.0799, 0.1130, 0.8218, 0.0669, 1.0000, 0.9179, 0.9789, 0.7930, 0.9222, 1.0000, 0.6825, 0.8807, 0.9964, 0.7422, 0.9528, 0.9674, 0.0413, 0.0421, 0.0229, 0.0503, 0.0587, 0.4269, 0.6688, 0.6900, 0.8246, 0.4301, 0.4325, 0.3709, 0.9856, 0.0712, 0.9116, 0.9845, 
  1  [VUI  0  1  2  4  3 ]  0.4385, 0.8375, 0.1585, 0.9711, 0.4212, 0.2004, 0.0928, 0.9980, 1.0000, 0.8650, 0.3015, 0.8367, 0.6718, 0.9827, 0.9689, 0.9888, 0.0847, 0.1210, 0.8193, 0.0712, 0.9991, 0.9145, 0.9776, 0.7902, 0.9209, 0.9996, 0.6790, 0.8789, 0.9980, 0.7437, 0.9536, 0.9669, 0.0454, 0.0399, 0.0208, 0.0489, 0.0573, 0.4311, 0.6682, 0.6924, 0.8244, 0.4335, 0.4387, 0.3727, 0.9845, 0.0728, 0.9116, 0.9845, 
  2  [VUI  0  1  3  2  4 ]  0.5811, 1.0000, 0.5414, 0.6177, 0.9721, 0.8620, 0.5541, 0.7462, 0.9098, 1.0000, 0.9231, 0.9990, 0.9958, 0.6419, 0.7061, 0.8957, 0.3384, 0.1314, 0.9892, 0.3147, 0.8129, 1.0000, 0.8858, 0.9923, 1.0000, 0.8799, 0.5243, 1.0000, 0.8656, 0.8241, 0.7779, 0.6701, 0.2958, 0.5276, 0.4936, 0.5213, 0.5138, 0.6452, 0.9960, 0.8193, 0.9978, 0.7127, 0.4643, 0.6172, 0.6865, 0.4673, 0.9988, 0.8235, 
  3  [VUI  0  1  3  4  2 ]  0.5875, 0.9996, 0.5485, 0.6123, 0.9778, 0.8679, 0.5608, 0.7423, 0.9087, 0.9991, 0.9318, 1.0000, 1.0000, 0.6371, 0.7020, 0.8924, 0.3468, 0.1396, 0.9890, 0.3225, 0.8095, 0.9977, 0.8832, 0.9923, 0.9998, 0.8778, 0.5185, 0.9999, 0.8653, 0.8268, 0.7764, 0.6654, 0.3034, 0.5321, 0.4981, 0.5265, 0.5188, 0.6524, 1.0000, 0.8236, 1.0000, 0.7200, 0.4710, 0.6224, 0.6813, 0.4744, 1.0000, 0.8212, 
  4  [VUI  0  1  4  2  3 ]  0.9003, 0.8055, 0.6640, 0.5878, 0.8329, 0.6236, 0.5709, 0.7206, 0.9212, 0.7989, 0.9231, 0.9057, 0.9739, 0.6337, 0.6818, 0.7510, 0.6912, 0.7085, 0.8053, 0.6288, 0.7497, 0.7503, 0.7915, 0.7902, 0.9080, 0.8518, 0.2651, 0.8689, 0.9806, 0.9348, 0.8405, 0.6293, 0.5895, 0.3676, 0.3429, 0.4157, 0.4123, 0.9470, 0.9545, 0.9982, 0.9832, 0.9601, 0.9157, 0.7421, 0.6107, 0.5820, 0.9988, 0.8235, 
  5  [VUI  0  1  4  3  2 ]  0.9023, 0.8078, 0.6694, 0.5828, 0.8406, 0.6328, 0.5773, 0.7171, 0.9200, 0.8007, 0.9318, 0.9080, 0.9784, 0.6289, 0.6781, 0.7497, 0.6948, 0.7087, 0.8076, 0.6322, 0.7471, 0.7514, 0.7902, 0.7930, 0.9091, 0.8501, 0.2629, 0.8706, 0.9787, 0.9360, 0.8381, 0.6252, 0.5931, 0.3744, 0.3494, 0.4223, 0.4187, 0.9500, 0.9591, 1.0000, 0.9856, 0.9640, 0.9162, 0.7455, 0.6065, 0.5875, 1.0000, 0.8212, 
  6  [VUI  0  2  1  3  4 ]  0.4099, 0.7847, 0.1272, 1.0000, 0.3106, 0.1175, 0.0449, 1.0000, 0.9629, 0.8083, 0.1736, 0.7803, 0.5722, 1.0000, 1.0000, 1.0000, 0.0338, 0.0918, 0.8003, 0.0515, 0.9983, 0.8704, 0.9251, 0.7622, 0.8597, 0.9964, 0.7577, 0.8365, 0.9376, 0.6369, 0.9786, 1.0000, 0.0159, 0.0187, 0.0133, 0.0229, 0.0464, 0.3427, 0.5846, 0.6287, 0.7661, 0.3558, 0.3835, 0.2759, 1.0000, 0.0385, 0.8948, 1.0000, 
  7  [VUI  0  2  1  4  3 ]  0.4143, 0.7820, 0.1288, 0.9996, 0.3087, 0.1142, 0.0451, 0.9996, 0.9631, 0.8055, 0.1736, 0.7790, 0.5719, 0.9999, 0.9997, 0.9980, 0.0387, 0.0997, 0.7977, 0.0558, 0.9974, 0.8670, 0.9238, 0.7594, 0.8584, 0.9960, 0.7541, 0.8347, 0.9391, 0.6384, 0.9794, 0.9994, 0.0200, 0.0165, 0.0112, 0.0215, 0.0450, 0.3469, 0.5840, 0.6312, 0.7659, 0.3592, 0.3897, 0.2777, 0.9990, 0.0401, 0.8948, 1.0000, 
  8  [VUI  0  2  3  1  4 ]  0.4309, 0.6568, 0.3579, 0.7936, 0.2763, 0.3291, 0.2592, 0.7562, 0.6815, 0.6319, 0.1322, 0.6423, 0.3780, 0.7484, 0.8963, 0.9524, 0.0537, 0.0000, 0.8561, 0.2197, 0.8023, 0.7062, 0.5529, 0.8021, 0.6134, 0.8578, 0.9890, 0.7272, 0.5014, 0.1727, 0.9374, 0.8714, 0.1388, 0.3828, 0.4345, 0.3519, 0.4378, 0.1245, 0.4755, 0.4406, 0.6362, 0.2531, 0.1609, 0.0297, 0.7757, 0.2648, 0.8948, 0.9195, 
  9  [VUI  0  2  3  4  1 ]  0.4355, 0.6524, 0.3628, 0.7903, 0.2739, 0.3288, 0.2624, 0.7524, 0.6778, 0.6267, 0.1316, 0.6391, 0.3750, 0.7448, 0.8945, 0.9498, 0.0589, 0.0067, 0.8543, 0.2263, 0.7987, 0.7005, 0.5464, 0.7998, 0.6087, 0.8555, 0.9886, 0.7238, 0.4969, 0.1678, 0.9377, 0.8691, 0.1446, 0.3857, 0.4383, 0.3551, 0.4419, 0.1256, 0.4734, 0.4404, 0.6342, 0.2551, 0.1640, 0.0279, 0.7715, 0.2696, 0.8948, 0.9184, 
 10  [VUI  0  2  4  1  3 ]  0.7501, 0.4624, 0.4805, 0.7637, 0.1371, 0.0907, 0.2759, 0.7306, 0.6930, 0.4308, 0.1322, 0.5490, 0.3561, 0.7402, 0.8721, 0.8078, 0.4066, 0.5771, 0.6721, 0.5338, 0.7391, 0.4565, 0.4585, 0.5999, 0.5214, 0.8297, 0.7297, 0.5961, 0.6163, 0.2835, 1.0000, 0.8307, 0.4325, 0.2228, 0.2838, 0.2463, 0.3363, 0.4263, 0.4340, 0.6194, 0.6216, 0.5005, 0.6123, 0.1545, 0.6999, 0.3796, 0.8948, 0.9195, 
 11  [VUI  0  2  4  3  1 ]  0.7504, 0.4606, 0.4837, 0.7608, 0.1366, 0.0936, 0.2789, 0.7272, 0.6890, 0.4284, 0.1316, 0.5471, 0.3534, 0.7367, 0.8706, 0.8071, 0.4068, 0.5758, 0.6729, 0.5361, 0.7364, 0.4542, 0.4533, 0.6005, 0.5179, 0.8278, 0.7330, 0.5945, 0.6103, 0.2770, 0.9994, 0.8289, 0.4342, 0.2279, 0.2896, 0.2509, 0.3418, 0.4232, 0.4325, 0.6168, 0.6197, 0.4991, 0.6092, 0.1511, 0.6967, 0.3827, 0.8948, 0.9184, 
 12  [VUI  0  3  1  2  4 ]  0.5851, 0.9753, 0.5860, 0.5778, 0.9655, 0.9028, 0.5955, 0.6991, 0.8555, 0.9660, 0.9151, 0.9724, 0.9583, 0.5934, 0.6861, 0.8865, 0.3422, 0.1137, 1.0000, 0.3471, 0.7751, 0.9683, 0.8141, 1.0000, 0.9525, 0.8531, 0.5689, 0.9789, 0.7815, 0.7346, 0.7700, 0.6453, 0.3195, 0.5978, 0.5748, 0.5848, 0.5893, 0.6031, 0.9750, 0.7831, 0.9727, 0.6929, 0.4214, 0.5697, 0.6432, 0.5109, 0.9988, 0.8079, 
 13  [VUI  0  3  1  4  2 ]  0.5916, 0.9749, 0.5930, 0.5725, 0.9712, 0.9087, 0.6021, 0.6953, 0.8544, 0.9651, 0.9238, 0.9734, 0.9625, 0.5885, 0.6821, 0.8832, 0.3507, 0.1219, 0.9998, 0.3549, 0.7717, 0.9660, 0.8115, 1.0000, 0.9523, 0.8511, 0.5631, 0.9788, 0.7812, 0.7373, 0.7684, 0.6406, 0.3271, 0.6024, 0.5793, 0.5899, 0.5943, 0.6103, 0.9790, 0.7873, 0.9749, 0.7002, 0.4280, 0.5749, 0.6380, 0.5180, 1.0000, 0.8057, 
 14  [VUI  0  3  2  1  4 ]  0.4592, 0.6877, 0.4321, 0.7253, 0.3822, 0.4561, 0.3482, 0.7075, 0.6642, 0.6574, 0.2521, 0.6734, 0.4404, 0.6827, 0.8456, 0.9341, 0.1036, 0.0035, 0.8884, 0.2675, 0.7662, 0.7220, 0.5349, 0.8405, 0.6284, 0.8347, 0.9584, 0.7502, 0.4761, 0.1885, 0.9037, 0.8141, 0.1879, 0.4764, 0.5253, 0.4428, 0.5256, 0.1666, 0.5386, 0.4655, 0.6696, 0.3076, 0.1670, 0.0772, 0.7180, 0.3412, 0.9116, 0.8884, 
 15  [VUI  0  3  2  4  1 ]  0.4639, 0.6832, 0.4370, 0.7220, 0.3798, 0.4558, 0.3514, 0.7038, 0.6604, 0.6522, 0.2515, 0.6702, 0.4374, 0.6791, 0.8438, 0.9314, 0.1087, 0.0102, 0.8866, 0.2741, 0.7626, 0.7163, 0.5284, 0.8383, 0.6237, 0.8323, 0.9581, 0.7468, 0.4716, 0.1836, 0.9040, 0.8117, 0.1936, 0.4793, 0.5291, 0.4459, 0.5297, 0.1677, 0.5365, 0.4654, 0.6676, 0.3096, 0.1701, 0.0754, 0.7138, 0.3459, 0.9116, 0.8873, 
 16  [VUI  0  3  4  1  2 ]  0.9274, 0.6553, 0.9446, 0.3366, 0.7996, 0.8852, 0.8329, 0.4262, 0.5843, 0.5904, 0.8823, 0.7433, 0.7467, 0.3288, 0.5544, 0.6929, 0.7185, 0.5992, 0.8742, 0.8328, 0.5134, 0.5556, 0.3462, 0.8405, 0.6152, 0.6847, 0.5388, 0.7401, 0.4584, 0.3823, 0.7890, 0.4718, 0.7396, 0.8087, 0.8519, 0.8148, 0.8856, 0.6897, 0.8290, 0.7756, 0.8306, 0.8415, 0.6506, 0.4517, 0.3389, 0.8575, 1.0000, 0.7252, 
 17  [VUI  0  3  4  2  1 ]  0.9256, 0.6512, 0.9425, 0.3386, 0.7915, 0.8790, 0.8295, 0.4263, 0.5816, 0.5861, 0.8731, 0.7392, 0.7395, 0.3301, 0.5567, 0.6936, 0.7152, 0.5977, 0.8727, 0.8317, 0.5132, 0.5521, 0.3423, 0.8383, 0.6107, 0.6845, 0.5442, 0.7369, 0.4542, 0.3747, 0.7909, 0.4741, 0.7378, 0.8070, 0.8512, 0.8128, 0.8847, 0.6836, 0.8229, 0.7711, 0.8264, 0.8361, 0.6471, 0.4449, 0.3400, 0.8551, 0.9988, 0.7263, 
 18  [VUI  0  4  1  2  3 ]  0.9651, 0.7439, 0.7318, 0.5423, 0.7998, 0.6191, 0.6154, 0.6687, 0.8691, 0.7266, 0.9151, 0.8614, 0.9323, 0.5836, 0.6572, 0.7143, 0.7622, 0.8005, 0.7811, 0.7209, 0.6999, 0.6711, 0.7018, 0.7594, 0.8430, 0.8197, 0.2604, 0.8229, 0.9183, 0.8664, 0.8445, 0.5968, 0.6691, 0.4074, 0.3954, 0.4591, 0.4685, 0.9623, 0.9256, 0.9959, 0.9553, 0.9873, 0.9587, 0.7183, 0.5530, 0.6475, 0.9988, 0.8079, 
 19  [VUI  0  4  1  3  2 ]  0.9671, 0.7461, 0.7372, 0.5373, 0.8075, 0.6282, 0.6218, 0.6652, 0.8679, 0.7285, 0.9238, 0.8636, 0.9368, 0.5789, 0.6535, 0.7130, 0.7658, 0.8008, 0.7834, 0.7244, 0.6973, 0.6723, 0.7005, 0.7622, 0.8441, 0.8180, 0.2582, 0.8245, 0.9165, 0.8675, 0.8420, 0.5926, 0.6726, 0.4142, 0.4020, 0.4657, 0.4748, 0.9653, 0.9302, 0.9977, 0.9577, 0.9913, 0.9591, 0.7218, 0.5488, 0.6530, 1.0000, 0.8057, 
 20  [VUI  0  4  2  1  3 ]  0.8391, 0.4562, 0.5780, 0.6897, 0.2165, 0.1723, 0.3681, 0.6771, 0.6778, 0.4181, 0.2521, 0.5623, 0.4143, 0.6729, 0.8167, 0.7619, 0.5235, 0.6904, 0.6694, 0.6413, 0.6910, 0.4248, 0.4226, 0.5999, 0.5189, 0.8012, 0.6499, 0.5942, 0.6130, 0.3203, 0.9782, 0.7656, 0.5374, 0.2860, 0.3459, 0.3171, 0.4048, 0.5258, 0.4893, 0.6784, 0.6522, 0.6021, 0.7043, 0.2258, 0.6278, 0.4778, 0.9116, 0.8884, 
 21  [VUI  0  4  2  3  1 ]  0.8394, 0.4544, 0.5812, 0.6868, 0.2160, 0.1753, 0.3711, 0.6737, 0.6738, 0.4156, 0.2515, 0.5604, 0.4116, 0.6694, 0.8152, 0.7612, 0.5238, 0.6891, 0.6702, 0.6436, 0.6883, 0.4225, 0.4174, 0.6005, 0.5154, 0.7993, 0.6531, 0.5926, 0.6069, 0.3139, 0.9776, 0.7638, 0.5391, 0.2911, 0.3518, 0.3217, 0.4102, 0.5227, 0.4877, 0.6758, 0.6504, 0.6006, 0.7012, 0.2223, 0.6246, 0.4809, 0.9116, 0.8873, 
 22  [VUI  0  4  3  1  2 ]  0.9881, 0.6183, 0.9680, 0.3309, 0.7732, 0.8399, 0.8361, 0.4214, 0.5865, 0.5522, 0.8823, 0.7256, 0.7426, 0.3273, 0.5498, 0.6654, 0.7856, 0.7090, 0.8392, 0.8926, 0.5013, 0.5081, 0.3283, 0.8021, 0.5977, 0.6794, 0.4895, 0.7152, 0.4803, 0.4034, 0.8009, 0.4640, 0.7955, 0.7782, 0.8232, 0.7947, 0.8663, 0.7471, 0.8211, 0.8096, 0.8278, 0.8885, 0.7365, 0.4755, 0.3245, 0.8793, 1.0000, 0.7252, 
 23  [VUI  0  4  3  2  1 ]  0.9863, 0.6143, 0.9658, 0.3329, 0.7650, 0.8336, 0.8326, 0.4215, 0.5838, 0.5479, 0.8731, 0.7214, 0.7354, 0.3285, 0.5521, 0.6661, 0.7823, 0.7074, 0.8377, 0.8915, 0.5012, 0.5046, 0.3244, 0.7998, 0.5932, 0.6791, 0.4949, 0.7120, 0.4760, 0.3958, 0.8028, 0.4664, 0.7936, 0.7766, 0.8225, 0.7927, 0.8654, 0.7410, 0.8150, 0.8052, 0.8236, 0.8832, 0.7330, 0.4686, 0.3255, 0.8770, 0.9988, 0.7263, 
 24  [VUI  1  0  2  3  4 ]  0.3699, 0.8088, 0.1070, 0.9336, 0.4387, 0.2143, 0.1038, 0.9488, 0.9564, 0.8528, 0.3203, 0.7910, 0.6721, 0.9478, 0.8896, 0.8937, 0.1002, 0.1422, 0.7236, 0.0488, 0.9373, 0.8993, 1.0000, 0.7085, 0.9016, 0.9056, 0.6052, 0.8197, 0.9984, 0.8062, 0.8291, 0.9036, 0.0553, 0.0531, 0.0229, 0.0611, 0.0422, 0.4359, 0.6378, 0.6393, 0.7623, 0.4068, 0.4229, 0.4548, 0.9516, 0.0712, 0.7731, 0.8749, 
 25  [VUI  1  0  2  4  3 ]  0.3743, 0.8061, 0.1087, 0.9332, 0.4367, 0.2110, 0.1040, 0.9484, 0.9566, 0.8500, 0.3203, 0.7897, 0.6718, 0.9477, 0.8893, 0.8917, 0.1050, 0.1501, 0.7211, 0.0531, 0.9365, 0.8958, 0.9987, 0.7057, 0.9004, 0.9053, 0.6016, 0.8179, 1.0000, 0.8077, 0.8300, 0.9031, 0.0593, 0.0509, 0.0208, 0.0596, 0.0408, 0.4401, 0.6372, 0.6417, 0.7621, 0.4102, 0.4291, 0.4565, 0.9506, 0.0728, 0.7731, 0.8749, 
 26  [VUI  1  0  3  2  4 ]  0.5168, 0.9686, 0.4916, 0.5797, 0.9876, 0.8727, 0.5654, 0.6966, 0.8664, 0.9850, 0.9419, 0.9521, 0.9958, 0.6069, 0.6264, 0.7986, 0.3587, 0.1606, 0.8911, 0.2966, 0.7503, 0.9814, 0.9070, 0.9079, 0.9794, 0.7855, 0.4469, 0.9391, 0.8676, 0.8881, 0.6543, 0.6062, 0.3098, 0.5386, 0.4936, 0.5321, 0.4973, 0.6542, 0.9651, 0.7686, 0.9356, 0.6894, 0.4547, 0.7011, 0.6526, 0.4673, 0.8603, 0.7139, 
 27  [VUI  1  0  3  4  2 ]  0.5232, 0.9681, 0.4986, 0.5744, 0.9934, 0.8786, 0.5720, 0.6927, 0.8653, 0.9841, 0.9506, 0.9530, 1.0000, 0.6021, 0.6224, 0.7952, 0.3671, 0.1687, 0.8909, 0.3044, 0.7468, 0.9791, 0.9044, 0.9079, 0.9792, 0.7835, 0.4412, 0.9389, 0.8673, 0.8908, 0.6527, 0.6015, 0.3174, 0.5432, 0.4981, 0.5372, 0.5023, 0.6614, 0.9691, 0.7729, 0.9378, 0.6967, 0.4614, 0.7062, 0.6473, 0.4744, 0.8615, 0.7116, 
 28  [VUI  1  0  4  2  3 ]  0.8360, 0.7741, 0.6141, 0.5498, 0.8485, 0.6343, 0.5821, 0.6710, 0.8778, 0.7839, 0.9419, 0.8588, 0.9739, 0.5987, 0.6022, 0.6539, 0.7115, 0.7376, 0.7071, 0.6107, 0.6871, 0.7317, 0.8126, 0.7057, 0.8874, 0.7574, 0.1877, 0.8080, 0.9826, 0.9989, 0.7168, 0.5655, 0.6034, 0.3786, 0.3429, 0.4265, 0.3958, 0.9560, 0.9236, 0.9475, 0.9209, 0.9368, 0.9061, 0.8259, 0.5767, 0.5820, 0.8603, 0.7139, 
 29  [VUI  1  0  4  3  2 ]  0.8380, 0.7763, 0.6195, 0.5449, 0.8561, 0.6435, 0.5885, 0.6675, 0.8765, 0.7857, 0.9506, 0.8610, 0.9784, 0.5940, 0.5985, 0.6526, 0.7151, 0.7379, 0.7095, 0.6142, 0.6845, 0.7328, 0.8113, 0.7085, 0.8885, 0.7557, 0.1855, 0.8097, 0.9807, 1.0000, 0.7144, 0.5614, 0.6070, 0.3854, 0.3494, 0.4331, 0.4021, 0.9590, 0.9282, 0.9493, 0.9233, 0.9407, 0.9066, 0.8294, 0.5726, 0.5875, 0.8615, 0.7116, 
 30  [VUI  1  2  0  3  4 ]  0.2909, 0.7266, 0.0349, 0.9299, 0.3394, 0.1372, 0.0656, 0.9082, 0.8826, 0.7805, 0.2084, 0.6934, 0.5722, 0.9353, 0.8527, 0.8203, 0.0714, 0.1457, 0.6187, 0.0181, 0.8824, 0.8359, 0.9641, 0.6060, 0.8216, 0.8219, 0.6146, 0.7238, 0.9412, 0.7553, 0.7498, 0.8819, 0.0417, 0.0391, 0.0133, 0.0428, 0.0159, 0.3594, 0.5274, 0.5350, 0.6510, 0.3127, 0.3657, 0.4310, 0.9372, 0.0385, 0.6386, 0.7972, 
 31  [VUI  1  2  0  4  3 ]  0.2953, 0.7239, 0.0366, 0.9294, 0.3375, 0.1340, 0.0659, 0.9079, 0.8828, 0.7777, 0.2084, 0.6921, 0.5719, 0.9352, 0.8524, 0.8183, 0.0763, 0.1537, 0.6161, 0.0224, 0.8815, 0.8325, 0.9628, 0.6032, 0.8203, 0.8215, 0.6110, 0.7220, 0.9428, 0.7568, 0.7506, 0.8814, 0.0458, 0.0369, 0.0112, 0.0414, 0.0145, 0.3636, 0.5268, 0.5374, 0.6508, 0.3161, 0.3719, 0.4327, 0.9362, 0.0401, 0.6386, 0.7972, 
 32  [VUI  1  2  3  0  4 ]  0.0286, 0.4602, 0.0459, 0.5563, 0.3737, 0.3959, 0.3294, 0.4458, 0.4099, 0.5381, 0.2499, 0.3484, 0.3780, 0.5295, 0.3981, 0.3447, 0.1808, 0.1825, 0.2419, 0.1066, 0.4103, 0.5897, 0.6850, 0.2737, 0.4845, 0.2674, 0.5050, 0.3459, 0.5137, 0.5733, 0.1635, 0.4720, 0.2260, 0.4517, 0.4345, 0.4191, 0.3345, 0.1808, 0.2819, 0.1234, 0.2468, 0.1072, 0.1007, 0.5542, 0.5634, 0.2648, 0.0283, 0.2337, 
 33  [VUI  1  2  3  4  0 ]  0.0293, 0.4538, 0.0477, 0.5507, 0.3723, 0.3962, 0.3333, 0.4390, 0.4034, 0.5319, 0.2505, 0.3423, 0.3750, 0.5237, 0.3914, 0.3360, 0.1871, 0.1909, 0.2341, 0.1121, 0.4028, 0.5828, 0.6798, 0.2663, 0.4786, 0.2593, 0.4999, 0.3389, 0.5094, 0.5723, 0.1562, 0.4658, 0.2326, 0.4553, 0.4383, 0.4229, 0.3375, 0.1825, 0.2779, 0.1201, 0.2410, 0.1078, 0.1032, 0.5576, 0.5571, 0.2696, 0.0198, 0.2259, 
 34  [VUI  1  2  4  0  3 ]  0.3478, 0.2657, 0.1685, 0.5264, 0.2345, 0.1575, 0.3461, 0.4203, 0.4213, 0.3370, 0.2499, 0.2551, 0.3561, 0.5213, 0.3738, 0.2000, 0.5336, 0.7595, 0.0580, 0.4207, 0.3471, 0.3399, 0.5906, 0.0716, 0.3925, 0.2393, 0.2458, 0.2148, 0.6287, 0.6840, 0.2261, 0.4313, 0.5197, 0.2918, 0.2838, 0.3136, 0.2329, 0.4826, 0.2404, 0.3022, 0.2322, 0.3546, 0.5521, 0.6790, 0.4875, 0.3796, 0.0283, 0.2337, 
 35  [VUI  1  2  4  3  0 ]  0.3441, 0.2620, 0.1686, 0.5212, 0.2350, 0.1611, 0.3498, 0.4138, 0.4147, 0.3336, 0.2505, 0.2502, 0.3534, 0.5156, 0.3675, 0.1933, 0.5351, 0.7600, 0.0527, 0.4219, 0.3405, 0.3365, 0.5867, 0.0669, 0.3878, 0.2316, 0.2443, 0.2096, 0.6228, 0.6815, 0.2179, 0.4256, 0.5223, 0.2975, 0.2896, 0.3188, 0.2374, 0.4801, 0.2370, 0.2965, 0.2265, 0.3518, 0.5484, 0.6807, 0.4823, 0.3827, 0.0198, 0.2259, 
 36  [VUI  1  3  0  2  4 ]  0.4662, 0.9172, 0.4937, 0.5077, 0.9943, 0.9226, 0.6162, 0.6074, 0.7752, 0.9382, 0.9499, 0.8855, 0.9583, 0.5287, 0.5388, 0.7068, 0.3798, 0.1676, 0.8184, 0.3137, 0.6592, 0.9339, 0.8531, 0.8438, 0.9144, 0.6786, 0.4258, 0.8662, 0.7851, 0.8530, 0.5412, 0.5272, 0.3453, 0.6182, 0.5748, 0.6047, 0.5588, 0.6198, 0.9177, 0.6893, 0.8576, 0.6497, 0.4036, 0.7248, 0.5804, 0.5109, 0.7426, 0.6052, 
 37  [VUI  1  3  0  4  2 ]  0.4726, 0.9168, 0.5007, 0.5024, 1.0000, 0.9285, 0.6229, 0.6035, 0.7741, 0.9373, 0.9586, 0.8865, 0.9625, 0.5238, 0.5348, 0.7035, 0.3882, 0.1758, 0.8182, 0.3215, 0.6558, 0.9316, 0.8505, 0.8438, 0.9142, 0.6765, 0.4200, 0.8661, 0.7849, 0.8557, 0.5396, 0.5225, 0.3529, 0.6227, 0.5793, 0.6098, 0.5637, 0.6270, 0.9217, 0.6935, 0.8598, 0.6571, 0.4102, 0.7300, 0.5752, 0.5180, 0.7438, 0.6029, 
 38  [VUI  1  3  2  0  4 ]  0.0569, 0.4910, 0.1201, 0.4880, 0.4796, 0.5228, 0.4184, 0.3972, 0.3925, 0.5636, 0.3698, 0.3794, 0.4404, 0.4638, 0.3473, 0.3263, 0.2306, 0.1860, 0.2742, 0.1544, 0.3742, 0.6055, 0.6670, 0.3122, 0.4995, 0.2443, 0.4745, 0.3689, 0.4885, 0.5891, 0.1298, 0.4147, 0.2751, 0.5454, 0.5253, 0.5100, 0.4222, 0.2229, 0.3450, 0.1483, 0.2802, 0.1617, 0.1068, 0.6017, 0.5057, 0.3412, 0.0451, 0.2027, 
 39  [VUI  1  3  2  4  0 ]  0.0576, 0.4846, 0.1219, 0.4824, 0.4781, 0.5232, 0.4223, 0.3904, 0.3861, 0.5574, 0.3703, 0.3733, 0.4374, 0.4580, 0.3407, 0.3177, 0.2370, 0.1944, 0.2664, 0.1599, 0.3667, 0.5986, 0.6618, 0.3048, 0.4936, 0.2362, 0.4694, 0.3619, 0.4841, 0.5881, 0.1225, 0.4084, 0.2817, 0.5489, 0.5291, 0.5138, 0.4253, 0.2246, 0.3410, 0.1450, 0.2744, 0.1623, 0.1093, 0.6051, 0.4994, 0.3459, 0.0366, 0.1948, 
 40  [VUI  1  3  4  0  2 ]  0.5251, 0.4586, 0.6326, 0.0993, 0.8971, 0.9520, 0.9031, 0.1159, 0.3126, 0.4965, 1.0000, 0.4494, 0.7467, 0.1099, 0.0562, 0.0852, 0.8456, 0.7817, 0.2600, 0.7197, 0.1213, 0.4390, 0.4783, 0.3122, 0.4864, 0.0944, 0.0548, 0.3589, 0.4708, 0.7829, 0.0151, 0.0724, 0.8268, 0.8776, 0.8519, 0.8820, 0.7822, 0.7460, 0.6354, 0.4583, 0.4412, 0.6956, 0.5904, 0.9762, 0.1266, 0.8575, 0.1335, 0.0394, 
 41  [VUI  1  3  4  2  0 ]  0.5194, 0.4527, 0.6274, 0.0990, 0.8899, 0.9464, 0.9004, 0.1129, 0.3073, 0.4913, 0.9919, 0.4423, 0.7395, 0.1090, 0.0536, 0.0799, 0.8435, 0.7819, 0.2525, 0.7175, 0.1173, 0.4344, 0.4757, 0.3048, 0.4806, 0.0883, 0.0555, 0.3519, 0.4667, 0.7792, 0.0093, 0.0708, 0.8259, 0.8766, 0.8512, 0.8807, 0.7803, 0.7405, 0.6274, 0.4508, 0.4332, 0.6888, 0.5863, 0.9745, 0.1255, 0.8551, 0.1238, 0.0338, 
 42  [VUI  1  4  0  2  3 ]  0.8461, 0.6858, 0.6396, 0.4721, 0.8286, 0.6388, 0.6361, 0.5769, 0.7888, 0.6989, 0.9499, 0.7745, 0.9323, 0.5189, 0.5099, 0.5346, 0.7997, 0.8545, 0.5995, 0.6875, 0.5840, 0.6366, 0.7408, 0.6032, 0.8049, 0.6451, 0.1173, 0.7102, 0.9220, 0.9848, 0.6157, 0.4787, 0.6949, 0.4278, 0.3954, 0.4790, 0.4379, 0.9789, 0.8684, 0.9021, 0.8402, 0.9442, 0.9409, 0.8734, 0.4902, 0.6475, 0.7426, 0.6052, 
 43  [VUI  1  4  0  3  2 ]  0.8482, 0.6880, 0.6449, 0.4672, 0.8363, 0.6480, 0.6426, 0.5734, 0.7875, 0.7007, 0.9586, 0.7767, 0.9368, 0.5141, 0.5062, 0.5333, 0.8033, 0.8547, 0.6018, 0.6910, 0.5814, 0.6378, 0.7395, 0.6060, 0.8060, 0.6435, 0.1151, 0.7118, 0.9202, 0.9860, 0.6132, 0.4746, 0.6984, 0.4345, 0.4020, 0.4856, 0.4443, 0.9820, 0.8729, 0.9039, 0.8426, 0.9481, 0.9413, 0.8769, 0.4860, 0.6530, 0.7438, 0.6029, 
 44  [VUI  1  4  2  0  3 ]  0.4368, 0.2596, 0.2660, 0.4524, 0.3140, 0.2391, 0.4383, 0.3667, 0.4061, 0.3242, 0.3698, 0.2684, 0.4143, 0.4540, 0.3185, 0.1541, 0.6506, 0.8728, 0.0553, 0.5282, 0.2990, 0.3083, 0.5547, 0.0716, 0.3900, 0.2108, 0.1660, 0.2129, 0.6254, 0.7209, 0.2043, 0.3662, 0.6246, 0.3550, 0.3459, 0.3843, 0.3014, 0.5821, 0.2957, 0.3612, 0.2628, 0.4562, 0.6441, 0.7503, 0.4154, 0.4778, 0.0451, 0.2027, 
 45  [VUI  1  4  2  3  0 ]  0.4332, 0.2559, 0.2661, 0.4472, 0.3144, 0.2427, 0.4420, 0.3603, 0.3995, 0.3208, 0.3703, 0.2636, 0.4116, 0.4483, 0.3121, 0.1475, 0.6521, 0.8733, 0.0500, 0.5294, 0.2924, 0.3048, 0.5508, 0.0669, 0.3853, 0.2031, 0.1645, 0.2077, 0.6194, 0.7184, 0.1961, 0.3605, 0.6272, 0.3607, 0.3518, 0.3896, 0.3058, 0.5796, 0.2922, 0.3555, 0.2572, 0.4533, 0.6404, 0.7520, 0.4102, 0.4809, 0.0366, 0.1948, 
 46  [VUI  1  4  3  0  2 ]  0.5858, 0.4216, 0.6559, 0.0936, 0.8706, 0.9066, 0.9063, 0.1110, 0.3148, 0.4583, 1.0000, 0.4316, 0.7426, 0.1084, 0.0516, 0.0576, 0.9127, 0.8914, 0.2251, 0.7795, 0.1093, 0.3915, 0.4604, 0.2737, 0.4689, 0.0890, 0.0055, 0.3339, 0.4927, 0.8039, 0.0270, 0.0647, 0.8827, 0.8472, 0.8232, 0.8619, 0.7629, 0.8034, 0.6275, 0.4924, 0.4384, 0.7427, 0.6763, 1.0000, 0.1122, 0.8793, 0.1335, 0.0394, 
 47  [VUI  1  4  3  2  0 ]  0.5801, 0.4157, 0.6507, 0.0933, 0.8634, 0.9011, 0.9035, 0.1081, 0.3095, 0.4531, 0.9919, 0.4246, 0.7354, 0.1074, 0.0489, 0.0523, 0.9106, 0.8917, 0.2175, 0.7773, 0.1053, 0.3869, 0.4578, 0.2663, 0.4631, 0.0830, 0.0062, 0.3270, 0.4886, 0.8003, 0.0212, 0.0631, 0.8817, 0.8462, 0.8225, 0.8606, 0.7610, 0.7979, 0.6195, 0.4848, 0.4304, 0.7359, 0.6722, 0.9983, 0.1111, 0.8770, 0.1238, 0.0338, 
 48  [VUI  2  0  1  3  4 ]  0.3170, 0.6880, 0.0424, 0.9955, 0.1938, 0.0268, 0.0000, 0.9523, 0.8761, 0.7232, 0.0420, 0.6655, 0.4547, 0.9853, 0.9566, 0.9137, 0.0000, 0.0960, 0.6768, 0.0154, 0.9336, 0.7959, 0.8828, 0.6416, 0.7656, 0.8979, 0.7687, 0.7237, 0.8703, 0.5770, 0.8852, 0.9745, 0.0000, 0.0022, 0.0021, 0.0015, 0.0154, 0.2527, 0.4547, 0.5060, 0.6351, 0.2451, 0.3161, 0.2480, 0.9830, 0.0000, 0.7365, 0.9087, 
 49  [VUI  2  0  1  4  3 ]  0.3214, 0.6853, 0.0441, 0.9951, 0.1919, 0.0235, 0.0002, 0.9520, 0.8763, 0.7205, 0.0420, 0.6642, 0.4544, 0.9852, 0.9562, 0.9117, 0.0048, 0.1039, 0.6742, 0.0197, 0.9327, 0.7925, 0.8815, 0.6388, 0.7643, 0.8975, 0.7651, 0.7219, 0.8718, 0.5785, 0.8861, 0.9739, 0.0040, 0.0000, 0.0000, 0.0000, 0.0140, 0.2569, 0.4541, 0.5085, 0.6349, 0.2485, 0.3223, 0.2497, 0.9820, 0.0016, 0.7365, 0.9087, 
 50  [VUI  2  0  3  1  4 ]  0.3380, 0.5601, 0.2732, 0.7891, 0.1595, 0.2384, 0.2143, 0.7085, 0.5947, 0.5469, 0.0006, 0.5275, 0.2604, 0.7337, 0.8529, 0.8661, 0.0199, 0.0042, 0.7326, 0.1835, 0.7376, 0.6317, 0.5106, 0.6814, 0.5192, 0.7593, 1.0000, 0.6143, 0.4341, 0.1129, 0.8441, 0.8459, 0.1229, 0.3663, 0.4233, 0.3305, 0.4069, 0.0344, 0.3456, 0.3179, 0.5052, 0.1424, 0.0935, 0.0017, 0.7587, 0.2263, 0.7365, 0.8282, 
 51  [VUI  2  0  3  4  1 ]  0.3427, 0.5557, 0.2781, 0.7858, 0.1571, 0.2381, 0.2175, 0.7047, 0.5910, 0.5417, 0.0000, 0.5243, 0.2574, 0.7301, 0.8511, 0.8634, 0.0250, 0.0108, 0.7308, 0.1902, 0.7340, 0.6260, 0.5041, 0.6792, 0.5145, 0.7570, 0.9997, 0.6110, 0.4296, 0.1079, 0.8444, 0.8435, 0.1286, 0.3692, 0.4271, 0.3336, 0.4109, 0.0355, 0.3435, 0.3177, 0.5032, 0.1443, 0.0966, 0.0000, 0.7545, 0.2310, 0.7365, 0.8270, 
 52  [VUI  2  0  4  1  3 ]  0.6572, 0.3657, 0.3957, 0.7592, 0.0203, 0.0000, 0.2310, 0.6829, 0.6061, 0.3458, 0.0006, 0.4342, 0.2386, 0.7255, 0.8286, 0.7214, 0.3727, 0.5812, 0.5487, 0.4976, 0.6744, 0.3820, 0.4163, 0.4793, 0.4272, 0.7312, 0.7408, 0.4832, 0.5490, 0.2236, 0.9067, 0.8051, 0.4165, 0.2063, 0.2725, 0.2249, 0.3053, 0.3362, 0.3041, 0.4967, 0.4905, 0.3898, 0.5449, 0.1266, 0.6829, 0.3410, 0.7365, 0.8282, 
 53  [VUI  2  0  4  3  1 ]  0.6575, 0.3639, 0.3989, 0.7563, 0.0199, 0.0029, 0.2340, 0.6795, 0.6022, 0.3434, 0.0000, 0.4322, 0.2358, 0.7219, 0.8272, 0.7207, 0.3730, 0.5799, 0.5494, 0.5000, 0.6717, 0.3797, 0.4111, 0.4799, 0.4238, 0.7292, 0.7440, 0.4817, 0.5430, 0.2171, 0.9061, 0.8033, 0.4182, 0.2114, 0.2784, 0.2294, 0.3108, 0.3332, 0.3026, 0.4941, 0.4887, 0.3883, 0.5418, 0.1231, 0.6798, 0.3442, 0.7365, 0.8270, 
 54  [VUI  2  1  0  3  4 ]  0.2624, 0.6613, 0.0000, 0.9633, 0.2070, 0.0359, 0.0095, 0.9101, 0.8392, 0.7105, 0.0580, 0.6256, 0.4547, 0.9555, 0.8889, 0.8311, 0.0173, 0.1207, 0.5933, 0.0000, 0.8804, 0.7801, 0.9008, 0.5698, 0.7481, 0.8177, 0.7030, 0.6719, 0.8719, 0.6314, 0.7801, 0.9202, 0.0118, 0.0116, 0.0021, 0.0106, 0.0014, 0.2604, 0.4284, 0.4629, 0.5822, 0.2253, 0.3079, 0.3193, 0.9542, 0.0000, 0.6188, 0.8155, 
 55  [VUI  2  1  0  4  3 ]  0.2667, 0.6586, 0.0017, 0.9629, 0.2051, 0.0326, 0.0098, 0.9098, 0.8394, 0.7077, 0.0580, 0.6243, 0.4544, 0.9554, 0.8886, 0.8291, 0.0221, 0.1287, 0.5908, 0.0043, 0.8795, 0.7766, 0.8995, 0.5670, 0.7468, 0.8173, 0.6994, 0.6701, 0.8735, 0.6329, 0.7810, 0.9197, 0.0159, 0.0094, 0.0000, 0.0091, 0.0000, 0.2645, 0.4278, 0.4654, 0.5820, 0.2287, 0.3141, 0.3210, 0.9531, 0.0016, 0.6188, 0.8155, 
 56  [VUI  2  1  3  0  4 ]  0.0000, 0.3949, 0.0110, 0.5898, 0.2414, 0.2945, 0.2733, 0.4477, 0.3665, 0.4681, 0.0994, 0.2805, 0.2604, 0.5497, 0.4343, 0.3554, 0.1266, 0.1575, 0.2166, 0.0885, 0.4083, 0.5338, 0.6216, 0.2375, 0.4110, 0.2632, 0.5934, 0.2940, 0.4445, 0.4494, 0.1938, 0.5103, 0.1962, 0.4242, 0.4233, 0.3869, 0.3200, 0.0818, 0.1829, 0.0513, 0.1780, 0.0198, 0.0429, 0.4424, 0.5803, 0.2263, 0.0085, 0.2520, 
 57  [VUI  2  1  3  4  0 ]  0.0007, 0.3885, 0.0128, 0.5841, 0.2399, 0.2948, 0.2772, 0.4409, 0.3600, 0.4619, 0.1000, 0.2744, 0.2574, 0.5440, 0.4276, 0.3468, 0.1330, 0.1659, 0.2088, 0.0941, 0.4008, 0.5269, 0.6164, 0.2301, 0.4050, 0.2551, 0.5883, 0.2870, 0.4401, 0.4484, 0.1865, 0.5041, 0.2028, 0.4277, 0.4271, 0.3907, 0.3230, 0.0834, 0.1789, 0.0480, 0.1722, 0.0204, 0.0454, 0.4458, 0.5741, 0.2310, 0.0000, 0.2441, 
 58  [VUI  2  1  4  0  3 ]  0.3192, 0.2005, 0.1336, 0.5598, 0.1022, 0.0561, 0.2900, 0.4222, 0.3779, 0.2670, 0.0994, 0.1872, 0.2386, 0.5415, 0.4100, 0.2108, 0.4795, 0.7345, 0.0326, 0.4026, 0.3450, 0.2840, 0.5273, 0.0354, 0.3190, 0.2351, 0.3342, 0.1629, 0.5595, 0.5601, 0.2564, 0.4696, 0.4898, 0.2642, 0.2725, 0.2813, 0.2185, 0.3836, 0.1414, 0.2302, 0.1634, 0.2672, 0.4943, 0.5673, 0.5045, 0.3410, 0.0085, 0.2520, 
 59  [VUI  2  1  4  3  0 ]  0.3156, 0.1968, 0.1337, 0.5546, 0.1027, 0.0597, 0.2937, 0.4157, 0.3713, 0.2636, 0.1000, 0.1824, 0.2358, 0.5359, 0.4037, 0.2041, 0.4810, 0.7350, 0.0274, 0.4038, 0.3385, 0.2806, 0.5234, 0.0308, 0.3143, 0.2274, 0.3327, 0.1577, 0.5535, 0.5576, 0.2482, 0.4639, 0.4924, 0.2700, 0.2784, 0.2866, 0.2229, 0.3811, 0.1380, 0.2244, 0.1578, 0.2644, 0.4907, 0.5690, 0.4993, 0.3442, 0.0000, 0.2441, 
 60  [VUI  2  3  0  1  4 ]  0.2874, 0.5088, 0.2753, 0.7171, 0.1661, 0.2883, 0.2652, 0.6193, 0.5035, 0.5002, 0.0086, 0.4609, 0.2230, 0.6554, 0.7652, 0.7744, 0.0410, 0.0112, 0.6599, 0.2006, 0.6466, 0.5842, 0.4568, 0.6174, 0.4542, 0.6523, 0.9789, 0.5414, 0.3516, 0.0778, 0.7310, 0.7668, 0.1584, 0.4459, 0.5045, 0.4030, 0.4683, 0.0000, 0.2982, 0.2385, 0.4272, 0.1027, 0.0424, 0.0255, 0.6866, 0.2700, 0.6188, 0.7195, 
 61  [VUI  2  3  0  4  1 ]  0.2921, 0.5043, 0.2802, 0.7138, 0.1637, 0.2880, 0.2684, 0.6156, 0.4998, 0.4950, 0.0080, 0.4577, 0.2200, 0.6518, 0.7634, 0.7717, 0.0461, 0.0179, 0.6582, 0.2073, 0.6430, 0.5785, 0.4503, 0.6151, 0.4495, 0.6500, 0.9785, 0.5381, 0.3471, 0.0728, 0.7313, 0.7645, 0.1642, 0.4487, 0.5083, 0.4062, 0.4724, 0.0011, 0.2961, 0.2383, 0.4252, 0.1047, 0.0455, 0.0238, 0.6824, 0.2747, 0.6188, 0.7184, 
 62  [VUI  2  3  1  0  4 ]  0.0040, 0.3703, 0.0555, 0.5499, 0.2347, 0.3353, 0.3146, 0.4007, 0.3122, 0.4341, 0.0914, 0.2539, 0.2230, 0.5012, 0.4143, 0.3463, 0.1305, 0.1398, 0.2273, 0.1209, 0.3705, 0.5021, 0.5498, 0.2452, 0.3635, 0.2365, 0.6380, 0.2729, 0.3603, 0.3599, 0.1859, 0.4855, 0.2199, 0.4944, 0.5045, 0.4504, 0.3955, 0.0397, 0.1619, 0.0150, 0.1530, 0.0000, 0.0000, 0.3949, 0.5371, 0.2700, 0.0085, 0.2364, 
 63  [VUI  2  3  1  4  0 ]  0.0048, 0.3639, 0.0573, 0.5443, 0.2333, 0.3356, 0.3185, 0.3939, 0.3058, 0.4279, 0.0920, 0.2478, 0.2200, 0.4955, 0.4076, 0.3377, 0.1368, 0.1482, 0.2196, 0.1265, 0.3630, 0.4952, 0.5447, 0.2378, 0.3575, 0.2284, 0.6329, 0.2659, 0.3560, 0.3589, 0.1786, 0.4793, 0.2265, 0.4980, 0.5083, 0.4542, 0.3985, 0.0413, 0.1579, 0.0118, 0.1471, 0.0005, 0.0025, 0.3983, 0.5308, 0.2747, 0.0000, 0.2286, 
 64  [VUI  2  3  4  0  1 ]  0.3445, 0.0462, 0.4120, 0.3107, 0.0608, 0.3115, 0.5486, 0.1279, 0.0383, 0.0542, 0.0494, 0.0206, 0.0042, 0.2379, 0.2849, 0.1534, 0.5035, 0.6237, 0.1000, 0.6055, 0.1085, 0.0859, 0.0781, 0.0835, 0.0217, 0.0679, 0.6133, 0.0309, 0.0331, 0.0000, 0.2068, 0.3144, 0.6381, 0.7036, 0.7808, 0.6784, 0.6908, 0.1202, 0.0098, 0.0031, 0.0066, 0.1432, 0.2257, 0.2700, 0.2338, 0.6142, 0.0085, 0.1548, 
 65  [VUI  2  3  4  1  0 ]  0.3406, 0.0442, 0.4090, 0.3084, 0.0617, 0.3121, 0.5493, 0.1249, 0.0356, 0.0533, 0.0506, 0.0177, 0.0042, 0.2358, 0.2800, 0.1474, 0.5047, 0.6255, 0.0940, 0.6044, 0.1047, 0.0848, 0.0794, 0.0783, 0.0204, 0.0621, 0.6086, 0.0272, 0.0332, 0.0039, 0.1992, 0.3105, 0.6390, 0.7043, 0.7808, 0.6790, 0.6898, 0.1207, 0.0079, 0.0000, 0.0028, 0.1418, 0.2251, 0.2752, 0.2317, 0.6142, 0.0000, 0.1481, 
 66  [VUI  2  4  0  1  3 ]  0.6673, 0.2773, 0.4212, 0.6815, 0.0005, 0.0045, 0.2851, 0.5889, 0.5171, 0.2608, 0.0086, 0.3499, 0.1969, 0.6456, 0.7363, 0.6022, 0.4609, 0.6981, 0.4410, 0.5744, 0.5713, 0.2870, 0.3445, 0.3768, 0.3447, 0.6189, 0.6704, 0.3854, 0.4885, 0.2095, 0.8055, 0.7183, 0.5079, 0.2555, 0.3251, 0.2774, 0.3475, 0.3592, 0.2489, 0.4513, 0.4098, 0.3972, 0.5797, 0.1741, 0.5964, 0.4065, 0.6188, 0.7195, 
 67  [VUI  2  4  0  3  1 ]  0.6676, 0.2755, 0.4244, 0.6786, 0.0000, 0.0075, 0.2880, 0.5855, 0.5132, 0.2584, 0.0080, 0.3480, 0.1942, 0.6421, 0.7349, 0.6015, 0.4612, 0.6968, 0.4418, 0.5768, 0.5686, 0.2847, 0.3393, 0.3773, 0.3413, 0.6170, 0.6736, 0.3839, 0.4824, 0.2031, 0.8049, 0.7165, 0.5097, 0.2605, 0.3310, 0.2819, 0.3529, 0.3561, 0.2473, 0.4487, 0.4080, 0.3958, 0.5766, 0.1706, 0.5932, 0.4097, 0.6188, 0.7184, 
 68  [VUI  2  4  1  0  3 ]  0.3840, 0.1388, 0.2014, 0.5143, 0.0691, 0.0516, 0.3345, 0.3703, 0.3258, 0.1947, 0.0914, 0.1428, 0.1969, 0.4914, 0.3854, 0.1741, 0.5504, 0.8266, 0.0084, 0.4948, 0.2952, 0.2049, 0.4376, 0.0046, 0.2540, 0.2031, 0.3295, 0.1169, 0.4972, 0.4917, 0.2604, 0.4370, 0.5694, 0.3040, 0.3251, 0.3247, 0.2746, 0.3989, 0.1125, 0.2279, 0.1355, 0.2945, 0.5373, 0.5435, 0.4468, 0.4065, 0.0085, 0.2364, 
 69  [VUI  2  4  1  3  0 ]  0.3803, 0.1351, 0.2015, 0.5091, 0.0696, 0.0552, 0.3382, 0.3638, 0.3192, 0.1913, 0.0920, 0.1380, 0.1942, 0.4858, 0.3791, 0.1674, 0.5519, 0.8271, 0.0032, 0.4960, 0.2886, 0.2014, 0.4337, 0.0000, 0.2493, 0.1953, 0.3280, 0.1116, 0.4912, 0.4891, 0.2522, 0.4313, 0.5719, 0.3098, 0.3310, 0.3299, 0.2791, 0.3964, 0.1091, 0.2222, 0.1299, 0.2916, 0.5336, 0.5452, 0.4416, 0.4097, 0.0000, 0.2286, 
 70  [VUI  2  4  3  0  1 ]  0.4053, 0.0092, 0.4354, 0.3050, 0.0343, 0.2661, 0.5518, 0.1231, 0.0405, 0.0159, 0.0494, 0.0029, 0.0000, 0.2363, 0.2803, 0.1258, 0.5706, 0.7335, 0.0650, 0.6653, 0.0965, 0.0384, 0.0602, 0.0451, 0.0042, 0.0625, 0.5640, 0.0060, 0.0549, 0.0211, 0.2187, 0.3066, 0.6940, 0.6732, 0.7522, 0.6583, 0.6715, 0.1776, 0.0019, 0.0371, 0.0038, 0.1903, 0.3116, 0.2938, 0.2194, 0.6360, 0.0085, 0.1548, 
 71  [VUI  2  4  3  1  0 ]  0.4013, 0.0073, 0.4323, 0.3027, 0.0353, 0.2668, 0.5525, 0.1200, 0.0378, 0.0150, 0.0506, 0.0000, 0.0000, 0.2342, 0.2754, 0.1199, 0.5718, 0.7353, 0.0590, 0.6642, 0.0927, 0.0373, 0.0615, 0.0399, 0.0029, 0.0567, 0.5593, 0.0023, 0.0551, 0.0250, 0.2111, 0.3027, 0.6948, 0.6738, 0.7522, 0.6589, 0.6705, 0.1781, 0.0000, 0.0340, 0.0000, 0.1889, 0.3110, 0.2989, 0.2173, 0.6360, 0.0000, 0.1481, 
 72  [VUI  3  0  1  2  4 ]  0.5256, 0.9149, 0.5884, 0.4931, 0.9732, 0.9615, 0.6553, 0.5942, 0.7483, 0.9110, 0.9245, 0.8941, 0.9143, 0.5013, 0.5829, 0.7786, 0.3670, 0.1220, 0.9145, 0.3672, 0.6680, 0.9125, 0.7507, 0.9246, 0.8760, 0.7273, 0.5440, 0.8932, 0.6845, 0.6933, 0.6370, 0.5523, 0.3614, 0.6914, 0.6704, 0.6702, 0.6616, 0.5626, 0.9193, 0.6897, 0.8810, 0.6462, 0.3613, 0.5977, 0.5584, 0.5623, 0.8603, 0.6801, 
 73  [VUI  3  0  1  4  2 ]  0.5320, 0.9145, 0.5955, 0.4877, 0.9790, 0.9674, 0.6620, 0.5903, 0.7472, 0.9101, 0.9332, 0.8951, 0.9185, 0.4965, 0.5789, 0.7753, 0.3755, 0.1302, 0.9143, 0.3750, 0.6646, 0.9102, 0.7481, 0.9246, 0.8758, 0.7253, 0.5383, 0.8930, 0.6842, 0.6960, 0.6354, 0.5476, 0.3689, 0.6960, 0.6749, 0.6753, 0.6666, 0.5698, 0.9233, 0.6939, 0.8832, 0.6536, 0.3679, 0.6028, 0.5532, 0.5694, 0.8615, 0.6778, 
 74  [VUI  3  0  2  1  4 ]  0.3997, 0.6272, 0.4346, 0.6405, 0.3899, 0.5148, 0.4080, 0.6026, 0.5569, 0.6024, 0.2615, 0.5951, 0.3963, 0.5906, 0.7424, 0.8262, 0.1284, 0.0119, 0.8029, 0.2875, 0.6591, 0.6662, 0.4716, 0.7651, 0.5519, 0.7089, 0.9336, 0.6644, 0.3791, 0.1472, 0.7707, 0.7210, 0.2297, 0.5701, 0.6209, 0.5282, 0.5979, 0.1261, 0.4829, 0.3722, 0.5779, 0.2610, 0.1069, 0.1051, 0.6332, 0.3926, 0.7731, 0.7606, 
 75  [VUI  3  0  2  4  1 ]  0.4043, 0.6228, 0.4395, 0.6373, 0.3875, 0.5144, 0.4113, 0.5989, 0.5532, 0.5972, 0.2609, 0.5919, 0.3933, 0.5870, 0.7406, 0.8235, 0.1335, 0.0185, 0.8011, 0.2942, 0.6555, 0.6604, 0.4651, 0.7629, 0.5472, 0.7065, 0.9332, 0.6611, 0.3746, 0.1423, 0.7710, 0.7187, 0.2355, 0.5729, 0.6247, 0.5313, 0.6020, 0.1272, 0.4808, 0.3720, 0.5759, 0.2629, 0.1100, 0.1034, 0.6290, 0.3973, 0.7731, 0.7595, 
 76  [VUI  3  0  4  1  2 ]  0.8678, 0.5948, 0.9471, 0.2518, 0.8074, 0.9439, 0.8928, 0.3213, 0.4770, 0.5354, 0.8917, 0.6650, 0.7027, 0.2368, 0.4513, 0.5850, 0.7433, 0.6075, 0.7887, 0.8529, 0.4062, 0.4997, 0.2829, 0.7651, 0.5388, 0.5589, 0.5139, 0.6543, 0.3614, 0.3410, 0.6560, 0.3788, 0.7814, 0.9023, 0.9474, 0.9002, 0.9579, 0.6491, 0.7733, 0.6822, 0.7389, 0.7948, 0.5905, 0.4797, 0.2541, 0.9089, 0.8615, 0.5973, 
 77  [VUI  3  0  4  2  1 ]  0.8661, 0.5908, 0.9450, 0.2539, 0.7993, 0.9377, 0.8893, 0.3214, 0.4744, 0.5311, 0.8825, 0.6609, 0.6954, 0.2380, 0.4535, 0.5857, 0.7400, 0.6060, 0.7872, 0.8518, 0.4061, 0.4962, 0.2790, 0.7629, 0.5342, 0.5587, 0.5193, 0.6512, 0.3572, 0.3334, 0.6578, 0.3811, 0.7796, 0.9006, 0.9467, 0.8982, 0.9570, 0.6431, 0.7672, 0.6777, 0.7347, 0.7895, 0.5870, 0.4728, 0.2551, 0.9065, 0.8603, 0.5984, 
 78  [VUI  3  1  0  2  4 ]  0.4709, 0.8882, 0.5461, 0.4609, 0.9865, 0.9706, 0.6649, 0.5520, 0.7114, 0.8982, 0.9405, 0.8542, 0.9143, 0.4716, 0.5152, 0.6960, 0.3843, 0.1468, 0.8311, 0.3518, 0.6148, 0.8966, 0.7687, 0.8528, 0.8585, 0.6471, 0.4783, 0.8414, 0.6861, 0.7477, 0.5318, 0.4980, 0.3732, 0.7008, 0.6704, 0.6793, 0.6476, 0.5702, 0.8930, 0.6466, 0.8281, 0.6264, 0.3531, 0.6689, 0.5295, 0.5623, 0.7426, 0.5869, 
 79  [VUI  3  1  0  4  2 ]  0.4774, 0.8877, 0.5531, 0.4555, 0.9922, 0.9765, 0.6715, 0.5482, 0.7103, 0.8973, 0.9492, 0.8552, 0.9185, 0.4667, 0.5112, 0.6927, 0.3927, 0.1550, 0.8309, 0.3596, 0.6113, 0.8943, 0.7661, 0.8528, 0.8583, 0.6451, 0.4725, 0.8412, 0.6859, 0.7504, 0.5303, 0.4933, 0.3808, 0.7053, 0.6749, 0.6844, 0.6525, 0.5774, 0.8970, 0.6508, 0.8303, 0.6338, 0.3597, 0.6741, 0.5243, 0.5694, 0.7438, 0.5847, 
 80  [VUI  3  1  2  0  4 ]  0.0617, 0.4620, 0.1724, 0.4412, 0.4718, 0.5709, 0.4670, 0.3419, 0.3287, 0.5236, 0.3604, 0.3481, 0.3963, 0.4067, 0.3238, 0.3155, 0.2351, 0.1652, 0.2869, 0.1925, 0.3297, 0.5682, 0.5826, 0.3212, 0.4436, 0.2128, 0.5270, 0.3441, 0.3895, 0.4838, 0.1204, 0.3855, 0.3030, 0.6280, 0.6209, 0.5846, 0.5110, 0.1734, 0.3203, 0.1056, 0.2507, 0.1384, 0.0563, 0.5458, 0.4548, 0.3926, 0.0451, 0.1844, 
 81  [VUI  3  1  2  4  0 ]  0.0624, 0.4556, 0.1743, 0.4356, 0.4704, 0.5712, 0.4709, 0.3351, 0.3222, 0.5174, 0.3609, 0.3420, 0.3933, 0.4009, 0.3172, 0.3069, 0.2415, 0.1736, 0.2791, 0.1981, 0.3223, 0.5614, 0.5774, 0.3138, 0.4377, 0.2047, 0.5219, 0.3371, 0.3852, 0.4828, 0.1131, 0.3792, 0.3096, 0.6315, 0.6247, 0.5884, 0.5141, 0.1751, 0.3163, 0.1023, 0.2449, 0.1389, 0.0588, 0.5492, 0.4485, 0.3973, 0.0366, 0.1765, 
 82  [VUI  3  1  4  0  2 ]  0.5299, 0.4296, 0.6850, 0.0525, 0.8893, 1.0000, 0.9517, 0.0605, 0.2488, 0.4565, 0.9906, 0.4181, 0.7027, 0.0528, 0.0327, 0.0744, 0.8501, 0.7608, 0.2727, 0.7579, 0.0768, 0.4017, 0.3939, 0.3212, 0.4305, 0.0629, 0.1073, 0.3340, 0.3718, 0.6776, 0.0057, 0.0432, 0.8547, 0.9602, 0.9474, 0.9566, 0.8710, 0.6965, 0.6106, 0.4156, 0.4117, 0.6723, 0.5399, 0.9204, 0.0757, 0.9089, 0.1335, 0.0211, 
 83  [VUI  3  1  4  2  0 ]  0.5242, 0.4237, 0.6798, 0.0522, 0.8821, 0.9944, 0.9490, 0.0576, 0.2434, 0.4513, 0.9825, 0.4110, 0.6954, 0.0519, 0.0300, 0.0691, 0.8480, 0.7611, 0.2651, 0.7557, 0.0729, 0.3972, 0.3913, 0.3138, 0.4247, 0.0569, 0.1080, 0.3271, 0.3677, 0.6739, 0.0000, 0.0417, 0.8537, 0.9592, 0.9467, 0.9553, 0.8691, 0.6910, 0.6026, 0.4081, 0.4037, 0.6655, 0.5358, 0.9187, 0.0747, 0.9065, 0.1238, 0.0155, 
 84  [VUI  3  2  0  1  4 ]  0.3207, 0.5450, 0.3625, 0.6368, 0.2907, 0.4377, 0.3699, 0.5621, 0.4831, 0.5302, 0.1496, 0.4975, 0.2964, 0.5781, 0.7055, 0.7528, 0.0996, 0.0154, 0.6979, 0.2568, 0.6041, 0.6028, 0.4357, 0.6626, 0.4719, 0.6251, 0.9430, 0.5685, 0.3219, 0.0963, 0.6913, 0.6993, 0.2162, 0.5560, 0.6113, 0.5099, 0.5716, 0.0495, 0.3725, 0.2678, 0.4665, 0.1668, 0.0496, 0.0813, 0.6187, 0.3598, 0.6386, 0.6829, 
 85  [VUI  3  2  0  4  1 ]  0.3254, 0.5406, 0.3674, 0.6335, 0.2883, 0.4373, 0.3731, 0.5583, 0.4793, 0.5250, 0.1490, 0.4943, 0.2934, 0.5745, 0.7037, 0.7501, 0.1048, 0.0221, 0.6962, 0.2635, 0.6005, 0.5971, 0.4292, 0.6604, 0.4672, 0.6228, 0.9426, 0.5652, 0.3174, 0.0914, 0.6916, 0.6970, 0.2219, 0.5589, 0.6151, 0.5130, 0.5756, 0.0506, 0.3704, 0.2677, 0.4645, 0.1688, 0.0527, 0.0796, 0.6146, 0.3646, 0.6386, 0.6818, 
 86  [VUI  3  2  1  0  4 ]  0.0374, 0.4065, 0.1428, 0.4696, 0.3593, 0.4847, 0.4193, 0.3435, 0.2918, 0.4641, 0.2325, 0.2904, 0.2964, 0.4239, 0.3546, 0.3247, 0.1891, 0.1439, 0.2653, 0.1772, 0.3280, 0.5207, 0.5287, 0.2905, 0.3811, 0.2093, 0.6021, 0.3000, 0.3306, 0.3785, 0.1462, 0.4181, 0.2776, 0.6046, 0.6113, 0.5573, 0.4988, 0.0892, 0.2361, 0.0444, 0.1923, 0.0641, 0.0072, 0.4508, 0.4692, 0.3598, 0.0283, 0.1999, 
 87  [VUI  3  2  1  4  0 ]  0.0381, 0.4001, 0.1446, 0.4640, 0.3579, 0.4850, 0.4233, 0.3367, 0.2853, 0.4579, 0.2331, 0.2843, 0.2934, 0.4181, 0.3479, 0.3161, 0.1955, 0.1524, 0.2576, 0.1827, 0.3206, 0.5139, 0.5235, 0.2830, 0.3752, 0.2011, 0.5970, 0.2929, 0.3263, 0.3775, 0.1389, 0.4118, 0.2842, 0.6081, 0.6151, 0.5610, 0.5018, 0.0909, 0.2321, 0.0411, 0.1864, 0.0646, 0.0097, 0.4542, 0.4629, 0.3646, 0.0198, 0.1921, 
 88  [VUI  3  2  4  0  1 ]  0.3779, 0.0824, 0.4993, 0.2304, 0.1853, 0.4609, 0.6533, 0.0707, 0.0179, 0.0842, 0.1905, 0.0572, 0.0776, 0.1606, 0.2252, 0.1318, 0.5621, 0.6279, 0.1380, 0.6618, 0.0661, 0.1045, 0.0570, 0.1287, 0.0394, 0.0406, 0.5774, 0.0580, 0.0034, 0.0186, 0.1671, 0.2469, 0.6959, 0.8137, 0.8876, 0.7852, 0.7941, 0.1697, 0.0840, 0.0325, 0.0459, 0.2073, 0.2329, 0.3259, 0.1659, 0.7040, 0.0283, 0.1183, 
 89  [VUI  3  2  4  1  0 ]  0.3739, 0.0805, 0.4962, 0.2281, 0.1863, 0.4615, 0.6540, 0.0676, 0.0152, 0.0833, 0.1916, 0.0543, 0.0776, 0.1584, 0.2203, 0.1258, 0.5634, 0.6297, 0.1320, 0.6606, 0.0622, 0.1034, 0.0583, 0.1236, 0.0381, 0.0348, 0.5727, 0.0543, 0.0035, 0.0225, 0.1595, 0.2430, 0.6967, 0.8144, 0.8876, 0.7859, 0.7931, 0.1702, 0.0821, 0.0294, 0.0421, 0.2059, 0.2323, 0.3311, 0.1638, 0.7040, 0.0198, 0.1116, 
 90  [VUI  3  4  0  1  2 ]  0.8780, 0.5065, 0.9726, 0.1741, 0.7876, 0.9484, 0.9468, 0.2272, 0.3880, 0.4504, 0.8997, 0.5807, 0.6610, 0.1569, 0.3590, 0.4658, 0.8316, 0.7244, 0.6811, 0.9297, 0.3032, 0.4047, 0.2111, 0.6626, 0.4562, 0.4467, 0.4435, 0.5565, 0.3009, 0.3270, 0.5548, 0.2920, 0.8728, 0.9515, 1.0000, 0.9527, 1.0000, 0.6721, 0.7181, 0.6368, 0.6582, 0.8023, 0.6253, 0.5272, 0.1676, 0.9743, 0.7438, 0.4886, 
 91  [VUI  3  4  0  2  1 ]  0.8762, 0.5025, 0.9704, 0.1761, 0.7794, 0.9422, 0.9434, 0.2274, 0.3854, 0.4461, 0.8905, 0.5766, 0.6538, 0.1582, 0.3612, 0.4664, 0.8282, 0.7229, 0.6795, 0.9286, 0.3030, 0.4012, 0.2072, 0.6604, 0.4517, 0.4464, 0.4489, 0.5533, 0.2966, 0.3194, 0.5567, 0.2943, 0.8710, 0.9498, 0.9993, 0.9507, 0.9991, 0.6660, 0.7120, 0.6324, 0.6539, 0.7969, 0.6217, 0.5203, 0.1686, 0.9720, 0.7426, 0.4898, 
 92  [VUI  3  4  1  0  2 ]  0.5946, 0.3680, 0.7528, 0.0070, 0.8562, 0.9955, 0.9963, 0.0087, 0.1967, 0.3843, 0.9826, 0.3737, 0.6610, 0.0027, 0.0081, 0.0377, 0.9210, 0.8529, 0.2485, 0.8501, 0.0270, 0.3226, 0.3041, 0.2905, 0.3655, 0.0308, 0.1026, 0.2880, 0.3096, 0.6091, 0.0097, 0.0107, 0.9343, 1.0000, 1.0000, 1.0000, 0.9272, 0.7118, 0.5817, 0.4134, 0.3839, 0.6995, 0.5829, 0.8966, 0.0180, 0.9743, 0.1335, 0.0056, 
 93  [VUI  3  4  1  2  0 ]  0.5889, 0.3620, 0.7476, 0.0067, 0.8490, 0.9899, 0.9935, 0.0057, 0.1913, 0.3791, 0.9745, 0.3667, 0.6538, 0.0018, 0.0054, 0.0324, 0.9190, 0.8532, 0.2409, 0.8478, 0.0231, 0.3180, 0.3016, 0.2830, 0.3597, 0.0248, 0.1033, 0.2811, 0.3055, 0.6054, 0.0040, 0.0091, 0.9333, 0.9990, 0.9993, 0.9987, 0.9253, 0.7063, 0.5737, 0.4058, 0.3758, 0.6927, 0.5787, 0.8949, 0.0170, 0.9720, 0.1238, 0.0000, 
 94  [VUI  3  4  2  0  1 ]  0.4669, 0.0763, 0.5968, 0.1565, 0.2648, 0.5425, 0.7455, 0.0172, 0.0027, 0.0714, 0.3103, 0.0705, 0.1359, 0.0933, 0.1698, 0.0859, 0.6791, 0.7412, 0.1353, 0.7693, 0.0180, 0.0729, 0.0211, 0.1287, 0.0369, 0.0121, 0.4976, 0.0561, 0.0000, 0.0554, 0.1453, 0.1818, 0.8008, 0.8769, 0.9498, 0.8560, 0.8626, 0.2692, 0.1393, 0.0914, 0.0765, 0.3089, 0.3249, 0.3972, 0.0938, 0.8022, 0.0451, 0.0872, 
 95  [VUI  3  4  2  1  0 ]  0.4630, 0.0743, 0.5937, 0.1541, 0.2657, 0.5431, 0.7462, 0.0141, 0.0000, 0.0705, 0.3115, 0.0676, 0.1359, 0.0911, 0.1649, 0.0799, 0.6803, 0.7430, 0.1293, 0.7682, 0.0141, 0.0717, 0.0224, 0.1236, 0.0356, 0.0063, 0.4928, 0.0524, 0.0001, 0.0594, 0.1377, 0.1779, 0.8017, 0.8776, 0.9498, 0.8567, 0.8616, 0.2697, 0.1374, 0.0883, 0.0727, 0.3075, 0.3243, 0.4023, 0.0917, 0.8022, 0.0366, 0.0805, 
 96  [VUI  4  0  1  2  3 ]  0.9770, 0.6399, 0.7618, 0.4508, 0.7765, 0.6244, 0.6789, 0.5580, 0.7644, 0.6266, 0.9245, 0.7622, 0.8833, 0.4897, 0.5486, 0.5740, 0.8659, 0.9380, 0.6544, 0.8113, 0.5786, 0.5593, 0.6173, 0.6388, 0.7459, 0.6876, 0.1775, 0.7078, 0.8471, 0.8499, 0.7255, 0.4947, 0.7766, 0.4652, 0.4573, 0.5209, 0.5181, 0.9893, 0.8606, 0.9426, 0.8603, 0.9961, 0.9996, 0.7742, 0.4512, 0.7245, 0.8603, 0.6801, 
 97  [VUI  4  0  1  3  2 ]  0.9790, 0.6422, 0.7671, 0.4459, 0.7841, 0.6336, 0.6854, 0.5545, 0.7631, 0.6285, 0.9332, 0.7644, 0.8878, 0.4849, 0.5449, 0.5727, 0.8695, 0.9382, 0.6568, 0.8148, 0.5760, 0.5605, 0.6160, 0.6416, 0.7470, 0.6859, 0.1753, 0.7095, 0.8452, 0.8510, 0.7230, 0.4905, 0.7801, 0.4720, 0.4638, 0.5274, 0.5244, 0.9923, 0.8652, 0.9444, 0.8627, 1.0000, 1.0000, 0.7777, 0.4470, 0.7300, 0.8615, 0.6778, 
 98  [VUI  4  0  2  1  3 ]  0.8510, 0.3523, 0.6079, 0.5983, 0.1932, 0.1777, 0.4317, 0.5665, 0.5731, 0.3181, 0.2615, 0.4631, 0.3654, 0.5790, 0.7081, 0.6216, 0.6273, 0.8278, 0.5428, 0.7317, 0.5697, 0.3131, 0.3382, 0.4793, 0.4218, 0.6691, 0.5671, 0.4791, 0.5417, 0.3038, 0.8592, 0.6634, 0.6449, 0.3439, 0.4077, 0.3789, 0.4544, 0.5528, 0.4243, 0.6251, 0.5572, 0.6108, 0.7452, 0.2817, 0.5260, 0.5548, 0.7731, 0.7606, 
 99  [VUI  4  0  2  3  1 ]  0.8513, 0.3505, 0.6111, 0.5954, 0.1927, 0.1806, 0.4347, 0.5631, 0.5691, 0.3156, 0.2609, 0.4612, 0.3627, 0.5755, 0.7067, 0.6209, 0.6276, 0.8266, 0.5436, 0.7340, 0.5670, 0.3108, 0.3330, 0.4799, 0.4184, 0.6672, 0.5703, 0.4775, 0.5356, 0.2973, 0.8586, 0.6616, 0.6467, 0.3489, 0.4136, 0.3834, 0.4598, 0.5497, 0.4228, 0.6224, 0.5554, 0.6094, 0.7421, 0.2782, 0.5228, 0.5579, 0.7731, 0.7595, 
100  [VUI  4  0  3  1  2 ]  1.0000, 0.5143, 0.9979, 0.2394, 0.7498, 0.8452, 0.8997, 0.3107, 0.4818, 0.4521, 0.8917, 0.6264, 0.6936, 0.2334, 0.4413, 0.5251, 0.8894, 0.8464, 0.7126, 0.9829, 0.3801, 0.3963, 0.2438, 0.6814, 0.5007, 0.5473, 0.4066, 0.6001, 0.4090, 0.3869, 0.6819, 0.3619, 0.9030, 0.8361, 0.8850, 0.8564, 0.9158, 0.7741, 0.7561, 0.7562, 0.7328, 0.8973, 0.7774, 0.5314, 0.2227, 0.9564, 0.8615, 0.5973, 
101  [VUI  4  0  3  2  1 ]  0.9982, 0.5103, 0.9957, 0.2415, 0.7417, 0.8390, 0.8962, 0.3108, 0.4791, 0.4478, 0.8825, 0.6222, 0.6864, 0.2346, 0.4435, 0.5258, 0.8861, 0.8449, 0.7110, 0.9818, 0.3799, 0.3929, 0.2399, 0.6792, 0.4961, 0.5470, 0.4120, 0.5969, 0.4048, 0.3793, 0.6837, 0.3643, 0.9012, 0.8344, 0.8843, 0.8545, 0.9149, 0.7680, 0.7500, 0.7518, 0.7286, 0.8919, 0.7739, 0.5245, 0.2237, 0.9540, 0.8603, 0.5984, 
102  [VUI  4  1  0  2  3 ]  0.9223, 0.6132, 0.7194, 0.4186, 0.7897, 0.6335, 0.6885, 0.5159, 0.7275, 0.6139, 0.9405, 0.7223, 0.8833, 0.4600, 0.4809, 0.4915, 0.8832, 0.9628, 0.5710, 0.7960, 0.5254, 0.5435, 0.6353, 0.5670, 0.7284, 0.6074, 0.1118, 0.6560, 0.8487, 0.9043, 0.6203, 0.4404, 0.7884, 0.4746, 0.4573, 0.5300, 0.5040, 0.9970, 0.8343, 0.8995, 0.8074, 0.9762, 0.9914, 0.8455, 0.4223, 0.7245, 0.7426, 0.5869, 
103  [VUI  4  1  0  3  2 ]  0.9244, 0.6155, 0.7247, 0.4136, 0.7974, 0.6427, 0.6949, 0.5124, 0.7262, 0.6157, 0.9492, 0.7245, 0.8878, 0.4552, 0.4773, 0.4901, 0.8868, 0.9630, 0.5733, 0.7994, 0.5228, 0.5447, 0.6340, 0.5698, 0.7295, 0.6057, 0.1096, 0.6577, 0.8469, 0.9054, 0.6179, 0.4363, 0.7920, 0.4814, 0.4638, 0.5366, 0.5104, 1.0000, 0.8389, 0.9013, 0.8098, 0.9802, 0.9918, 0.8489, 0.4182, 0.7300, 0.7438, 0.5847, 
104  [VUI  4  1  2  0  3 ]  0.5130, 0.1870, 0.3457, 0.3989, 0.2750, 0.2338, 0.4907, 0.3057, 0.3448, 0.2392, 0.3604, 0.2162, 0.3654, 0.3950, 0.2895, 0.1109, 0.7341, 0.9811, 0.0268, 0.6366, 0.2403, 0.2151, 0.4492, 0.0354, 0.3135, 0.1731, 0.1605, 0.1588, 0.5521, 0.6404, 0.2089, 0.3279, 0.7182, 0.4018, 0.4077, 0.4353, 0.3675, 0.6001, 0.2616, 0.3585, 0.2300, 0.4882, 0.6946, 0.7223, 0.3476, 0.5548, 0.0451, 0.1844, 
105  [VUI  4  1  2  3  0 ]  0.5094, 0.1833, 0.3459, 0.3937, 0.2755, 0.2374, 0.4943, 0.2993, 0.3382, 0.2358, 0.3609, 0.2114, 0.3627, 0.3894, 0.2832, 0.1043, 0.7356, 0.9816, 0.0215, 0.6379, 0.2338, 0.2117, 0.4453, 0.0308, 0.3088, 0.1653, 0.1589, 0.1535, 0.5462, 0.6378, 0.2008, 0.3222, 0.7208, 0.4075, 0.4136, 0.4406, 0.3719, 0.5976, 0.2582, 0.3528, 0.2244, 0.4854, 0.6909, 0.7241, 0.3424, 0.5579, 0.0366, 0.1765, 
106  [VUI  4  1  3  0  2 ]  0.6620, 0.3491, 0.7357, 0.0401, 0.8317, 0.9013, 0.9587, 0.0500, 0.2535, 0.3733, 0.9906, 0.3794, 0.6936, 0.0494, 0.0227, 0.0145, 0.9962, 0.9997, 0.1966, 0.8879, 0.0507, 0.2984, 0.3548, 0.2375, 0.3924, 0.0513, 0.0000, 0.2798, 0.4194, 0.7234, 0.0316, 0.0264, 0.9763, 0.8940, 0.8850, 0.9129, 0.8290, 0.8214, 0.5935, 0.4897, 0.4057, 0.7747, 0.7268, 0.9721, 0.0443, 0.9564, 0.1335, 0.0211, 
107  [VUI  4  1  3  2  0 ]  0.6563, 0.3432, 0.7305, 0.0398, 0.8245, 0.8957, 0.9559, 0.0470, 0.2482, 0.3681, 0.9825, 0.3724, 0.6864, 0.0485, 0.0200, 0.0092, 0.9941, 1.0000, 0.1890, 0.8857, 0.0467, 0.2938, 0.3522, 0.2301, 0.3866, 0.0452, 0.0007, 0.2728, 0.4153, 0.7197, 0.0259, 0.0248, 0.9753, 0.8930, 0.8843, 0.9116, 0.8271, 0.8159, 0.5855, 0.4821, 0.3976, 0.7679, 0.7227, 0.9703, 0.0433, 0.9540, 0.1238, 0.0155, 
108  [VUI  4  2  0  1  3 ]  0.7721, 0.2701, 0.5358, 0.5945, 0.0939, 0.1006, 0.3935, 0.5259, 0.4992, 0.2458, 0.1496, 0.3655, 0.2655, 0.5664, 0.6712, 0.5482, 0.5985, 0.8314, 0.4378, 0.7009, 0.5148, 0.2497, 0.3023, 0.3768, 0.3418, 0.5853, 0.5764, 0.3832, 0.4845, 0.2529, 0.7798, 0.6417, 0.6314, 0.3298, 0.3982, 0.3606, 0.4280, 0.4762, 0.3138, 0.5207, 0.4458, 0.5167, 0.6879, 0.2579, 0.5115, 0.5221, 0.6386, 0.6829, 
109  [VUI  4  2  0  3  1 ]  0.7724, 0.2683, 0.5391, 0.5916, 0.0934, 0.1035, 0.3965, 0.5225, 0.4953, 0.2434, 0.1490, 0.3636, 0.2628, 0.5629, 0.6698, 0.5475, 0.5988, 0.8301, 0.4386, 0.7033, 0.5120, 0.2474, 0.2971, 0.3773, 0.3383, 0.5834, 0.5797, 0.3816, 0.4784, 0.2464, 0.7792, 0.6399, 0.6331, 0.3349, 0.4040, 0.3652, 0.4335, 0.4732, 0.3123, 0.5181, 0.4440, 0.5152, 0.6848, 0.2545, 0.5084, 0.5252, 0.6386, 0.6818, 
110  [VUI  4  2  1  0  3 ]  0.4888, 0.1316, 0.3161, 0.4274, 0.1625, 0.1476, 0.4430, 0.3073, 0.3079, 0.1797, 0.2325, 0.1585, 0.2655, 0.4123, 0.3203, 0.1201, 0.6880, 0.9599, 0.0053, 0.6213, 0.2386, 0.1676, 0.3953, 0.0046, 0.2510, 0.1695, 0.2356, 0.1147, 0.4932, 0.5350, 0.2347, 0.3604, 0.6928, 0.3784, 0.3982, 0.4079, 0.3552, 0.5159, 0.1775, 0.2973, 0.1716, 0.4139, 0.6455, 0.6273, 0.3620, 0.5221, 0.0283, 0.1999, 
111  [VUI  4  2  1  3  0 ]  0.4851, 0.1279, 0.3162, 0.4222, 0.1630, 0.1512, 0.4467, 0.3009, 0.3013, 0.1763, 0.2331, 0.1537, 0.2628, 0.4066, 0.3139, 0.1135, 0.6896, 0.9604, 0.0000, 0.6225, 0.2320, 0.1642, 0.3914, 0.0000, 0.2463, 0.1618, 0.2341, 0.1094, 0.4873, 0.5325, 0.2265, 0.3547, 0.6954, 0.3841, 0.4040, 0.4132, 0.3596, 0.5134, 0.1741, 0.2916, 0.1659, 0.4111, 0.6418, 0.6291, 0.3568, 0.5252, 0.0198, 0.1921, 
112  [VUI  4  2  3  0  1 ]  0.5100, 0.0019, 0.5501, 0.2180, 0.1277, 0.3622, 0.6603, 0.0601, 0.0226, 0.0009, 0.1905, 0.0185, 0.0686, 0.1572, 0.2152, 0.0719, 0.7082, 0.8668, 0.0618, 0.7918, 0.0399, 0.0011, 0.0179, 0.0451, 0.0013, 0.0290, 0.4701, 0.0037, 0.0510, 0.0644, 0.1930, 0.2301, 0.8174, 0.7475, 0.8252, 0.7415, 0.7521, 0.2946, 0.0669, 0.1065, 0.0398, 0.3098, 0.4198, 0.3776, 0.1345, 0.7515, 0.0283, 0.1183, 
113  [VUI  4  2  3  1  0 ]  0.5061, 0.0000, 0.5470, 0.2157, 0.1287, 0.3628, 0.6610, 0.0571, 0.0199, 0.0000, 0.1916, 0.0157, 0.0686, 0.1550, 0.2103, 0.0659, 0.7094, 0.8686, 0.0558, 0.7907, 0.0361, 0.0000, 0.0192, 0.0399, 0.0000, 0.0232, 0.4654, 0.0000, 0.0511, 0.0684, 0.1854, 0.2261, 0.8183, 0.7482, 0.8252, 0.7422, 0.7511, 0.2952, 0.0650, 0.1034, 0.0360, 0.3083, 0.4192, 0.3828, 0.1325, 0.7515, 0.0198, 0.1116, 
114  [VUI  4  3  0  1  2 ]  0.9494, 0.4629, 1.0000, 0.1674, 0.7564, 0.8951, 0.9505, 0.2215, 0.3906, 0.4054, 0.8997, 0.5599, 0.6561, 0.1551, 0.3536, 0.4334, 0.9105, 0.8535, 0.6399, 1.0000, 0.2890, 0.3488, 0.1900, 0.6174, 0.4356, 0.4404, 0.3855, 0.5272, 0.3266, 0.3518, 0.5688, 0.2829, 0.9386, 0.9157, 0.9663, 0.9290, 0.9773, 0.7396, 0.7088, 0.6768, 0.6549, 0.8576, 0.7263, 0.5551, 0.1506, 1.0000, 0.7438, 0.4886, 
115  [VUI  4  3  0  2  1 ]  0.9476, 0.4589, 0.9979, 0.1694, 0.7483, 0.8889, 0.9471, 0.2216, 0.3879, 0.4011, 0.8905, 0.5557, 0.6489, 0.1563, 0.3558, 0.4341, 0.9072, 0.8520, 0.6384, 0.9989, 0.2889, 0.3454, 0.1861, 0.6151, 0.4311, 0.4401, 0.3909, 0.5240, 0.3223, 0.3442, 0.5707, 0.2852, 0.9367, 0.9140, 0.9656, 0.9271, 0.9764, 0.7336, 0.7027, 0.6724, 0.6507, 0.8523, 0.7227, 0.5483, 0.1516, 0.9976, 0.7426, 0.4898, 
116  [VUI  4  3  1  0  2 ]  0.6661, 0.3244, 0.7802, 0.0003, 0.8250, 0.9421, 1.0000, 0.0029, 0.1992, 0.3393, 0.9826, 0.3528, 0.6561, 0.0009, 0.0027, 0.0053, 1.0000, 0.9820, 0.2073, 0.9203, 0.0129, 0.2667, 0.2830, 0.2452, 0.3449, 0.0245, 0.0446, 0.2587, 0.3353, 0.6339, 0.0237, 0.0016, 1.0000, 0.9642, 0.9663, 0.9764, 0.9045, 0.7793, 0.5724, 0.4534, 0.3806, 0.7549, 0.6839, 0.9246, 0.0010, 1.0000, 0.1335, 0.0056, 
117  [VUI  4  3  1  2  0 ]  0.6604, 0.3185, 0.7750, 0.0000, 0.8179, 0.9365, 0.9972, 0.0000, 0.1939, 0.3340, 0.9745, 0.3458, 0.6489, 0.0000, 0.0000, 0.0000, 0.9979, 0.9823, 0.1997, 0.9181, 0.0089, 0.2621, 0.2804, 0.2378, 0.3391, 0.0185, 0.0453, 0.2517, 0.3312, 0.6302, 0.0180, 0.0000, 0.9990, 0.9632, 0.9656, 0.9751, 0.9026, 0.7738, 0.5644, 0.4459, 0.3726, 0.7481, 0.6797, 0.9228, 0.0000, 0.9976, 0.1238, 0.0000, 
118  [VUI  4  3  2  0  1 ]  0.5384, 0.0328, 0.6242, 0.1498, 0.2336, 0.4891, 0.7493, 0.0115, 0.0052, 0.0264, 0.3103, 0.0496, 0.1310, 0.0914, 0.1644, 0.0535, 0.7581, 0.8704, 0.0941, 0.8396, 0.0038, 0.0170, 0.0000, 0.0835, 0.0163, 0.0058, 0.4396, 0.0268, 0.0257, 0.0802, 0.1593, 0.1727, 0.8665, 0.8411, 0.9160, 0.8324, 0.8399, 0.3367, 0.1300, 0.1315, 0.0733, 0.3643, 0.4259, 0.4251, 0.0769, 0.8279, 0.0451, 0.0872, 
119  [VUI  4  3  2  1  0 ]  0.5344, 0.0308, 0.6212, 0.1475, 0.2346, 0.4898, 0.7500, 0.0084, 0.0026, 0.0255, 0.3115, 0.0467, 0.1310, 0.0893, 0.1595, 0.0476, 0.7593, 0.8721, 0.0881, 0.8385, 0.0000, 0.0158, 0.0013, 0.0783, 0.0150, 0.0000, 0.4348, 0.0230, 0.0259, 0.0842, 0.1517, 0.1688, 0.8674, 0.8418, 0.9160, 0.8330, 0.8388, 0.3373, 0.1281, 0.1283, 0.0694, 0.3628, 0.4253, 0.4303, 0.0748, 0.8279, 0.0366, 0.0805, 

Computing best position for each actor
Best for 00 is [VUI  4  0  3  1  2 ]
Best for 01 is [VUI  0  1  3  2  4 ]
Best for 02 is [VUI  4  3  0  1  2 ]
Best for 03 is [VUI  0  2  1  3  4 ]
Best for 04 is [VUI  1  3  0  4  2 ]
Best for 05 is [VUI  3  1  4  0  2 ]
Best for 06 is [VUI  4  3  1  0  2 ]
Best for 07 is [VUI  0  2  1  3  4 ]
Best for 08 is [VUI  0  1  2  4  3 ]
Best for 09 is [VUI  0  1  3  2  4 ]
Best for 10 is [VUI  1  3  4  0  2 ]
Best for 11 is [VUI  0  1  3  4  2 ]
Best for 12 is [VUI  0  1  3  4  2 ]
Best for 13 is [VUI  0  2  1  3  4 ]
Best for 14 is [VUI  0  2  1  3  4 ]
Best for 15 is [VUI  0  2  1  3  4 ]
Best for 16 is [VUI  4  3  1  0  2 ]
Best for 17 is [VUI  4  1  3  2  0 ]
Best for 18 is [VUI  0  3  1  2  4 ]
Best for 19 is [VUI  4  3  0  1  2 ]
Best for 20 is [VUI  0  1  2  3  4 ]
Best for 21 is [VUI  0  1  3  2  4 ]
Best for 22 is [VUI  1  0  2  3  4 ]
Best for 23 is [VUI  0  3  1  2  4 ]
Best for 24 is [VUI  0  1  3  2  4 ]
Best for 25 is [VUI  0  1  2  3  4 ]
Best for 26 is [VUI  2  0  3  1  4 ]
Best for 27 is [VUI  0  1  3  2  4 ]
Best for 28 is [VUI  1  0  2  4  3 ]
Best for 29 is [VUI  1  0  4  3  2 ]
Best for 30 is [VUI  0  2  4  1  3 ]
Best for 31 is [VUI  0  2  1  3  4 ]
Best for 32 is [VUI  4  3  1  0  2 ]
Best for 33 is [VUI  3  4  1  0  2 ]
Best for 34 is [VUI  3  4  0  1  2 ]
Best for 35 is [VUI  3  4  1  0  2 ]
Best for 36 is [VUI  3  4  0  1  2 ]
Best for 37 is [VUI  4  1  0  3  2 ]
Best for 38 is [VUI  0  1  3  4  2 ]
Best for 39 is [VUI  0  1  4  3  2 ]
Best for 40 is [VUI  0  1  3  4  2 ]
Best for 41 is [VUI  4  0  1  3  2 ]
Best for 42 is [VUI  4  0  1  3  2 ]
Best for 43 is [VUI  1  4  3  0  2 ]
Best for 44 is [VUI  0  2  1  3  4 ]
Best for 45 is [VUI  4  3  0  1  2 ]
Best for 46 is [VUI  0  1  3  4  2 ]
Best for 47 is [VUI  0  2  1  3  4 ]
Computing zeta ... 
Sorting positions from most to least net support ...
Displaying highest 120
   0:   19  828.26  [VUI  0  4  1  3  2 ]
   1:    5  826.62  [VUI  0  1  4  3  2 ]
   2:   18  825.51  [VUI  0  4  1  2  3 ]
   3:    4  823.86  [VUI  0  1  4  2  3 ]
   4:   22  814.25  [VUI  0  4  3  1  2 ]
   5:   23  811.29  [VUI  0  4  3  2  1 ]
   6:   16  809.90  [VUI  0  3  4  1  2 ]
   7:   17  806.95  [VUI  0  3  4  2  1 ]
   8:    3  804.09  [VUI  0  1  3  4  2 ]
   9:   13  801.39  [VUI  0  3  1  4  2 ]
  10:    2  801.02  [VUI  0  1  3  2  4 ]
  11:   97  798.71  [VUI  4  0  1  3  2 ]
  12:   12  798.32  [VUI  0  3  1  2  4 ]
  13:   96  795.95  [VUI  4  0  1  2  3 ]
  14:   29  795.13  [VUI  1  0  4  3  2 ]
  15:   28  792.37  [VUI  1  0  4  2  3 ]
  16:  100  784.69  [VUI  4  0  3  1  2 ]
  17:  101  781.74  [VUI  4  0  3  2  1 ]
  18:   76  775.23  [VUI  3  0  4  1  2 ]
  19:   27  772.60  [VUI  1  0  3  4  2 ]
  20:   77  772.28  [VUI  3  0  4  2  1 ]
  21:  103  771.94  [VUI  4  1  0  3  2 ]
  22:   43  770.01  [VUI  1  4  0  3  2 ]
  23:   26  769.53  [VUI  1  0  3  2  4 ]
  24:  102  769.18  [VUI  4  1  0  2  3 ]
  25:   42  767.25  [VUI  1  4  0  2  3 ]
  26:   73  766.72  [VUI  3  0  1  4  2 ]
  27:   72  763.65  [VUI  3  0  1  2  4 ]
  28:  114  755.22  [VUI  4  3  0  1  2 ]
  29:  115  752.27  [VUI  4  3  0  2  1 ]
  30:   90  750.11  [VUI  3  4  0  1  2 ]
  31:   91  747.15  [VUI  3  4  0  2  1 ]
  32:   37  743.13  [VUI  1  3  0  4  2 ]
  33:   36  740.06  [VUI  1  3  0  2  4 ]
  34:   79  739.95  [VUI  3  1  0  4  2 ]
  35:   78  736.88  [VUI  3  1  0  2  4 ]
  36:  106  619.14  [VUI  4  1  3  0  2 ]
  37:   46  617.21  [VUI  1  4  3  0  2 ]
  38:  116  616.44  [VUI  4  3  1  0  2 ]
  39:  107  614.25  [VUI  4  1  3  2  0 ]
  40:   20  613.53  [VUI  0  4  2  1  3 ]
  41:   21  613.34  [VUI  0  4  2  3  1 ]
  42:   40  612.86  [VUI  1  3  4  0  2 ]
  43:   47  612.32  [VUI  1  4  3  2  0 ]
  44:  117  611.55  [VUI  4  3  1  2  0 ]
  45:   92  611.32  [VUI  3  4  1  0  2 ]
  46:   82  609.68  [VUI  3  1  4  0  2 ]
  47:   41  607.97  [VUI  1  3  4  2  0 ]
  48:   93  606.44  [VUI  3  4  1  2  0 ]
  49:   83  604.79  [VUI  3  1  4  2  0 ]
  50:    1  603.38  [VUI  0  1  2  4  3 ]
  51:    0  603.06  [VUI  0  1  2  3  4 ]
  52:   15  586.46  [VUI  0  3  2  4  1 ]
  53:   14  586.34  [VUI  0  3  2  1  4 ]
  54:   98  583.97  [VUI  4  0  2  1  3 ]
  55:   99  583.78  [VUI  4  0  2  3  1 ]
  56:   25  571.89  [VUI  1  0  2  4  3 ]
  57:   24  571.57  [VUI  1  0  2  3  4 ]
  58:   10  571.01  [VUI  0  2  4  1  3 ]
  59:   11  570.81  [VUI  0  2  4  3  1 ]
  60:    7  562.50  [VUI  0  2  1  4  3 ]
  61:    6  562.18  [VUI  0  2  1  3  4 ]
  62:   75  551.79  [VUI  3  0  2  4  1 ]
  63:   74  551.67  [VUI  3  0  2  1  4 ]
  64:    9  548.28  [VUI  0  2  3  4  1 ]
  65:    8  548.16  [VUI  0  2  3  1  4 ]
  66:  108  516.33  [VUI  4  2  0  1  3 ]
  67:  109  516.13  [VUI  4  2  0  3  1 ]
  68:   31  504.24  [VUI  1  2  0  4  3 ]
  69:   30  503.93  [VUI  1  2  0  3  4 ]
  70:   52  491.42  [VUI  2  0  4  1  3 ]
  71:   53  491.23  [VUI  2  0  4  3  1 ]
  72:   85  484.14  [VUI  3  2  0  4  1 ]
  73:   84  484.02  [VUI  3  2  0  1  4 ]
  74:   49  482.91  [VUI  2  0  1  4  3 ]
  75:   48  482.60  [VUI  2  0  1  3  4 ]
  76:   51  468.70  [VUI  2  0  3  4  1 ]
  77:   50  468.58  [VUI  2  0  3  1  4 ]
  78:   66  466.30  [VUI  2  4  0  1  3 ]
  79:   67  466.10  [VUI  2  4  0  3  1 ]
  80:   55  456.14  [VUI  2  1  0  4  3 ]
  81:   54  455.83  [VUI  2  1  0  3  4 ]
  82:   61  439.23  [VUI  2  3  0  4  1 ]
  83:   60  439.11  [VUI  2  3  0  1  4 ]
  84:  104  418.42  [VUI  4  1  2  0  3 ]
  85:   44  416.49  [VUI  1  4  2  0  3 ]
  86:  105  416.29  [VUI  4  1  2  3  0 ]
  87:   45  414.36  [VUI  1  4  2  3  0 ]
  88:  118  401.51  [VUI  4  3  2  0  1 ]
  89:  119  399.57  [VUI  4  3  2  1  0 ]
  90:   94  396.40  [VUI  3  4  2  0  1 ]
  91:   95  394.46  [VUI  3  4  2  1  0 ]
  92:   38  389.30  [VUI  1  3  2  0  4 ]
  93:   39  387.49  [VUI  1  3  2  4  0 ]
  94:   80  386.12  [VUI  3  1  2  0  4 ]
  95:   81  384.31  [VUI  3  1  2  4  0 ]
  96:  110  377.54  [VUI  4  2  1  0  3 ]
  97:  111  375.41  [VUI  4  2  1  3  0 ]
  98:   34  373.97  [VUI  1  2  4  0  3 ]
  99:   35  371.84  [VUI  1  2  4  3  0 ]
 100:  112  363.33  [VUI  4  2  3  0  1 ]
 101:  113  361.40  [VUI  4  2  3  1  0 ]
 102:   88  353.87  [VUI  3  2  4  0  1 ]
 103:   89  351.94  [VUI  3  2  4  1  0 ]
 104:   32  351.12  [VUI  1  2  3  0  4 ]
 105:   33  349.31  [VUI  1  2  3  4  0 ]
 106:   86  345.24  [VUI  3  2  1  0  4 ]
 107:   87  343.43  [VUI  3  2  1  4  0 ]
 108:   68  327.51  [VUI  2  4  1  0  3 ]
 109:   58  325.87  [VUI  2  1  4  0  3 ]
 110:   69  325.38  [VUI  2  4  1  3  0 ]
 111:   59  323.74  [VUI  2  1  4  3  0 ]
 112:   70  313.30  [VUI  2  4  3  0  1 ]
 113:   71  311.37  [VUI  2  4  3  1  0 ]
 114:   64  308.96  [VUI  2  3  4  0  1 ]
 115:   65  307.02  [VUI  2  3  4  1  0 ]
 116:   56  303.03  [VUI  2  1  3  0  4 ]
 117:   57  301.21  [VUI  2  1  3  4  0 ]
 118:   62  300.32  [VUI  2  3  1  0  4 ]
 119:   63  298.51  [VUI  2  3  1  4  0 ]
Starting Model::run iteration 1

State number 0
Position 00: [VUI  4  0  3  1  2 ]
Position 01: [VUI  0  1  3  2  4 ]
Position 02: [VUI  4  3  0  1  2 ]
Position 03: [VUI  0  2  1  3  4 ]
Position 04: [VUI  1  3  0  4  2 ]
Position 05: [VUI  3  1  4  0  2 ]
Position 06: [VUI  4  3  1  0  2 ]
Position 07: [VUI  0  2  1  3  4 ]
Position 08: [VUI  0  1  2  4  3 ]
Position 09: [VUI  0  1  3  2  4 ]
Position 10: [VUI  1  3  4  0  2 ]
Position 11: [VUI  0  1  3  4  2 ]
Position 12: [VUI  0  1  3  4  2 ]
Position 13: [VUI  0  2  1  3  4 ]
Position 14: [VUI  0  2  1  3  4 ]
Position 15: [VUI  0  2  1  3  4 ]
Position 16: [VUI  4  3  1  0  2 ]
Position 17: [VUI  4  1  3  2  0 ]
Position 18: [VUI  0  3  1  2  4 ]
Position 19: [VUI  4  3  0  1  2 ]
Position 20: [VUI  0  1  2  3  4 ]
Position 21: [VUI  0  1  3  2  4 ]
Position 22: [VUI  1  0  2  3  4 ]
Position 23: [VUI  0  3  1  2  4 ]
Position 24: [VUI  0  1  3  2  4 ]
Position 25: [VUI  0  1  2  3  4 ]
Position 26: [VUI  2  0  3  1  4 ]
Position 27: [VUI  0  1  3  2  4 ]
Position 28: [VUI  1  0  2  4  3 ]
Position 29: [VUI  1  0  4  3  2 ]
Position 30: [VUI  0  2  4  1  3 ]
Position 31: [VUI  0  2  1  3  4 ]
Position 32: [VUI  4  3  1  0  2 ]
Position 33: [VUI  3  4  1  0  2 ]
Position 34: [VUI  3  4  0  1  2 ]
Position 35: [VUI  3  4  1  0  2 ]
Position 36: [VUI  3  4  0  1  2 ]
Position 37: [VUI  4  1  0  3  2 ]
Position 38: [VUI  0  1  3  4  2 ]
Position 39: [VUI  0  1  4  3  2 ]
Position 40: [VUI  0  1  3  4  2 ]
Position 41: [VUI  4  0  1  3  2 ]
Position 42: [VUI  4  0  1  3  2 ]
Position 43: [VUI  1  4  3  0  2 ]
Position 44: [VUI  0  2  1  3  4 ]
Position 45: [VUI  4  3  0  1  2 ]
Position 46: [VUI  0  1  3  4  2 ]
Position 47: [VUI  0  2  1  3  4 ]
Number of aUtils: 48
There are 24 unique positions 
   0:  0.0606 
   1:  0.0312 
   2:  0.0050 
   3:  0.0000 
   4:  0.0002 
   5:  0.0000 
   6:  0.0000 
   8:  0.0000 
  10:  0.0000 
  11:  0.1593 
  17:  0.0000 
  18:  0.0530 
  20:  0.0000 
  22:  0.0000 
  26:  0.0000 
  28:  0.0000 
  29:  0.0173 
  30:  0.0000 
  33:  0.0000 
  34:  0.0032 
  37:  0.0027 
  39:  0.5859 
  41:  0.0815 
  43:  0.0000 

Actor expected utilities: 0.6955, 0.9318, 0.5916, 0.5998, 0.9303, 0.7888, 0.5685, 0.7308, 0.9095, 0.9289, 0.9316, 0.9664, 0.9908, 0.6316, 0.6919, 0.8415, 0.4673, 0.3355, 0.9257, 0.4306, 0.7854, 0.9110, 0.8481, 0.9228, 0.9660, 0.8658, 0.4314, 0.9535, 0.9006, 0.8611, 0.7957, 0.6496, 0.4046, 0.4811, 0.4506, 0.4936, 0.4875, 0.7532, 0.9845, 0.8821, 0.9931, 0.8030, 0.6225, 0.6637, 0.6531, 0.5154, 0.9982, 0.8191, 


Starting Model::run iteration 2

State number 1
Position 00: [VUI  0  4  1  3  2 ]
Position 01: [VUI  1  0  3  2  4 ]
Position 02: [VUI  0  4  3  1  2 ]
Position 03: [VUI  0  1  4  2  3 ]
Position 04: [VUI  1  0  3  2  4 ]
Position 05: [VUI  0  3  4  1  2 ]
Position 06: [VUI  0  4  3  1  2 ]
Position 07: [VUI  0  1  4  2  3 ]
Position 08: [VUI  0  1  4  2  3 ]
Position 09: [VUI  1  0  3  2  4 ]
Position 10: [VUI  1  0  4  2  3 ]
Position 11: [VUI  1  0  3  2  4 ]
Position 12: [VUI  0  1  4  2  3 ]
Position 13: [VUI  0  1  4  2  3 ]
Position 14: [VUI  1  0  3  2  4 ]
Position 15: [VUI  1  0  3  2  4 ]
Position 16: [VUI  0  4  1  3  2 ]
Position 17: [VUI  0  4  1  3  2 ]
Position 18: [VUI  1  0  3  2  4 ]
Position 19: [VUI  0  4  3  1  2 ]
Position 20: [VUI  0  1  4  2  3 ]
Position 21: [VUI  1  0  3  2  4 ]
Position 22: [VUI  1  0  3  2  4 ]
Position 23: [VUI  1  0  3  2  4 ]
Position 24: [VUI  1  0  3  2  4 ]
Position 25: [VUI  0  1  4  2  3 ]
Position 26: [VUI  0  4  3  1  2 ]
Position 27: [VUI  1  0  3  2  4 ]
Position 28: [VUI  0  1  4  2  3 ]
Position 29: [VUI  1  0  4  3  2 ]
Position 30: [VUI  0  4  1  3  2 ]
Position 31: [VUI  1  0  3  2  4 ]
Position 32: [VUI  0  4  3  1  2 ]
Position 33: [VUI  0  4  3  1  2 ]
Position 34: [VUI  0  4  3  1  2 ]
Position 35: [VUI  0  4  3  1  2 ]
Position 36: [VUI  0  4  3  1  2 ]
Position 37: [VUI  0  4  1  3  2 ]
Position 38: [VUI  1  0  3  4  2 ]
Position 39: [VUI  0  4  1  3  2 ]
Position 40: [VUI  0  1  4  2  3 ]
Position 41: [VUI  0  4  1  3  2 ]
Position 42: [VUI  0  4  1  3  2 ]
Position 43: [VUI  0  1  4  2  3 ]
Position 44: [VUI  1  0  3  2  4 ]
Position 45: [VUI  0  4  3  1  2 ]
Position 46: [VUI  0  4  1  3  2 ]
Position 47: [VUI  0  1  4  2  3 ]
Number of aUtils: 48
There are 8 unique positions 
   0:  0.3689 
   1:  0.0085 
   2:  0.1145 
   3:  0.3605 
   5:  0.0821 
  10:  0.0036 
  29:  0.0239 
  38:  0.0381 

Actor expected utilities: 0.9524, 0.7586, 0.7222, 0.5474, 0.8129, 0.6283, 0.6116, 0.6762, 0.8782, 0.7431, 0.9234, 0.8722, 0.9440, 0.5897, 0.6592, 0.7212, 0.7494, 0.7799, 0.7885, 0.7041, 0.7079, 0.6887, 0.7187, 0.7686, 0.8569, 0.8248, 0.2609, 0.8338, 0.9284, 0.8800, 0.8415, 0.6001, 0.6548, 0.4057, 0.3911, 0.4563, 0.4630, 0.9601, 0.9350, 0.9969, 0.9627, 0.9838, 0.9484, 0.7250, 0.5613, 0.6385, 0.9997, 0.8092, 


Starting Model::run iteration 3

State number 2
Position 00: [VUI  0  4  1  2  3 ]
Position 01: [VUI  0  1  3  4  2 ]
Position 02: [VUI  0  4  3  2  1 ]
Position 03: [VUI  0  1  4  3  2 ]
Position 04: [VUI  0  1  3  4  2 ]
Position 05: [VUI  0  1  3  4  2 ]
Position 06: [VUI  0  4  3  2  1 ]
Position 07: [VUI  0  1  4  3  2 ]
Position 08: [VUI  0  1  4  3  2 ]
Position 09: [VUI  0  1  3  4  2 ]
Position 10: [VUI  1  0  4  2  3 ]
Position 11: [VUI  0  1  3  4  2 ]
Position 12: [VUI  0  1  4  3  2 ]
Position 13: [VUI  0  1  4  3  2 ]
Position 14: [VUI  0  1  4  3  2 ]
Position 15: [VUI  0  1  3  4  2 ]
Position 16: [VUI  0  4  1  2  3 ]
Position 17: [VUI  0  4  1  2  3 ]
Position 18: [VUI  0  1  3  4  2 ]
Position 19: [VUI  0  4  3  2  1 ]
Position 20: [VUI  0  1  4  3  2 ]
Position 21: [VUI  0  1  3  4  2 ]
Position 22: [VUI  0  1  4  3  2 ]
Position 23: [VUI  0  1  3  4  2 ]
Position 24: [VUI  0  1  4  3  2 ]
Position 25: [VUI  0  1  4  3  2 ]
Position 26: [VUI  0  1  3  4  2 ]
Position 27: [VUI  0  1  3  4  2 ]
Position 28: [VUI  0  1  4  3  2 ]
Position 29: [VUI  0  1  4  3  2 ]
Position 30: [VUI  0  1  4  3  2 ]
Position 31: [VUI  0  1  4  3  2 ]
Position 32: [VUI  0  4  3  2  1 ]
Position 33: [VUI  0  4  3  2  1 ]
Position 34: [VUI  0  4  3  2  1 ]
Position 35: [VUI  0  4  3  2  1 ]
Position 36: [VUI  0  4  3  2  1 ]
Position 37: [VUI  0  1  4  3  2 ]
Position 38: [VUI  0  1  4  3  2 ]
Position 39: [VUI  0  1  4  3  2 ]
Position 40: [VUI  0  1  4  3  2 ]
Position 41: [VUI  0  4  1  2  3 ]
Position 42: [VUI  0  4  1  2  3 ]
Position 43: [VUI  0  1  4  3  2 ]
Position 44: [VUI  0  1  4  3  2 ]
Position 45: [VUI  0  4  3  2  1 ]
Position 46: [VUI  0  1  4  3  2 ]
Position 47: [VUI  0  1  4  3  2 ]
Number of aUtils: 48
There are 5 unique positions 
   0:  0.3029 
   1:  0.1409 
   2:  0.1638 
   3:  0.3777 
  10:  0.0147 

Actor expected utilities: 0.9076, 0.8017, 0.6760, 0.5782, 0.8370, 0.6331, 0.5818, 0.7115, 0.9139, 0.7935, 0.9301, 0.9032, 0.9733, 0.6236, 0.6757, 0.7465, 0.7004, 0.7156, 0.8058, 0.6406, 0.7420, 0.7438, 0.7805, 0.7905, 0.9020, 0.8467, 0.2642, 0.8660, 0.9709, 0.9272, 0.8383, 0.6220, 0.6000, 0.3795, 0.3560, 0.4275, 0.4253, 0.9495, 0.9556, 0.9984, 0.9822, 0.9652, 0.9181, 0.7416, 0.6007, 0.5939, 0.9999, 0.8196, 


Starting Model::run iteration 4

State number 3
Position 00: [VUI  0  4  1  3  2 ]
Position 01: [VUI  0  1  3  2  4 ]
Position 02: [VUI  0  4  3  1  2 ]
Position 03: [VUI  0  1  4  2  3 ]
Position 04: [VUI  0  1  3  2  4 ]
Position 05: [VUI  0  3  4  1  2 ]
Position 06: [VUI  0  4  3  1  2 ]
Position 07: [VUI  0  1  4  2  3 ]
Position 08: [VUI  0  1  4  2  3 ]
Position 09: [VUI  0  1  3  2  4 ]
Position 10: [VUI  1  0  4  2  3 ]
Position 11: [VUI  0  1  3  2  4 ]
Position 12: [VUI  0  1  4  2  3 ]
Position 13: [VUI  0  1  4  2  3 ]
Position 14: [VUI  0  1  4  2  3 ]
Position 15: [VUI  0  1  3  2  4 ]
Position 16: [VUI  0  4  1  3  2 ]
Position 17: [VUI  0  4  1  3  2 ]
Position 18: [VUI  0  3  1  4  2 ]
Position 19: [VUI  0  4  3  1  2 ]
Position 20: [VUI  0  1  3  2  4 ]
Position 21: [VUI  0  1  3  2  4 ]
Position 22: [VUI  0  1  4  2  3 ]
Position 23: [VUI  0  3  1  4  2 ]
Position 24: [VUI  0  1  3  2  4 ]
Position 25: [VUI  0  1  4  2  3 ]
Position 26: [VUI  0  3  4  1  2 ]
Position 27: [VUI  0  1  3  2  4 ]
Position 28: [VUI  0  1  4  2  3 ]
Position 29: [VUI  0  1  4  2  3 ]
Position 30: [VUI  0  4  1  3  2 ]
Position 31: [VUI  0  1  3  2  4 ]
Position 32: [VUI  0  4  3  1  2 ]
Position 33: [VUI  0  4  3  1  2 ]
Position 34: [VUI  0  4  3  1  2 ]
Position 35: [VUI  0  4  3  1  2 ]
Position 36: [VUI  0  4  3  1  2 ]
Position 37: [VUI  0  4  1  3  2 ]
Position 38: [VUI  0  1  3  2  4 ]
Position 39: [VUI  0  1  4  2  3 ]
Position 40: [VUI  0  1  4  2  3 ]
Position 41: [VUI  0  4  1  3  2 ]
Position 42: [VUI  0  4  1  3  2 ]
Position 43: [VUI  0  1  4  2  3 ]
Position 44: [VUI  0  1  3  2  4 ]
Position 45: [VUI  0  4  3  1  2 ]
Position 46: [VUI  0  4  1  3  2 ]
Position 47: [VUI  0  1  4  2  3 ]
Number of aUtils: 48
There are 7 unique positions 
   0:  0.3008 
   1:  0.0890 
   2:  0.1418 
   3:  0.2648 
   5:  0.1016 
  10:  0.0115 
  18:  0.0906 

Actor expected utilities: 0.9538, 0.7566, 0.7253, 0.5449, 0.8123, 0.6302, 0.6143, 0.6732, 0.8750, 0.7405, 0.9231, 0.8704, 0.9418, 0.5867, 0.6579, 0.7201, 0.7508, 0.7807, 0.7886, 0.7071, 0.7054, 0.6860, 0.7141, 0.7684, 0.8538, 0.8231, 0.2626, 0.8322, 0.9238, 0.8751, 0.8412, 0.5984, 0.6573, 0.4095, 0.3956, 0.4599, 0.4673, 0.9587, 0.9337, 0.9953, 0.9612, 0.9836, 0.9473, 0.7227, 0.5584, 0.6416, 0.9998, 0.8082, 


Starting Model::run iteration 5

State number 4
Position 00: [VUI  0  4  1  2  3 ]
Position 01: [VUI  0  1  3  4  2 ]
Position 02: [VUI  0  4  3  2  1 ]
Position 03: [VUI  0  1  4  3  2 ]
Position 04: [VUI  0  1  3  4  2 ]
Position 05: [VUI  0  3  4  2  1 ]
Position 06: [VUI  0  4  3  2  1 ]
Position 07: [VUI  0  1  4  3  2 ]
Position 08: [VUI  0  1  4  3  2 ]
Position 09: [VUI  0  1  3  4  2 ]
Position 10: [VUI  1  0  4  2  3 ]
Position 11: [VUI  0  1  3  4  2 ]
Position 12: [VUI  0  1  4  3  2 ]
Position 13: [VUI  0  1  4  3  2 ]
Position 14: [VUI  0  1  4  3  2 ]
Position 15: [VUI  0  1  3  4  2 ]
Position 16: [VUI  0  4  1  2  3 ]
Position 17: [VUI  0  4  1  2  3 ]
Position 18: [VUI  0  1  3  4  2 ]
Position 19: [VUI  0  4  3  2  1 ]
Position 20: [VUI  0  1  4  3  2 ]
Position 21: [VUI  0  1  3  4  2 ]
Position 22: [VUI  0  1  4  3  2 ]
Position 23: [VUI  0  1  3  4  2 ]
Position 24: [VUI  0  1  4  3  2 ]
Position 25: [VUI  0  1  4  3  2 ]
Position 26: [VUI  0  3  4  2  1 ]
Position 27: [VUI  0  1  3  4  2 ]
Position 28: [VUI  0  1  4  3  2 ]
Position 29: [VUI  0  1  4  3  2 ]
Position 30: [VUI  0  4  1  2  3 ]
Position 31: [VUI  0  1  4  3  2 ]
Position 32: [VUI  0  4  3  2  1 ]
Position 33: [VUI  0  4  3  2  1 ]
Position 34: [VUI  0  4  3  2  1 ]
Position 35: [VUI  0  4  3  2  1 ]
Position 36: [VUI  0  4  3  2  1 ]
Position 37: [VUI  0  1  4  3  2 ]
Position 38: [VUI  0  1  4  3  2 ]
Position 39: [VUI  0  1  4  3  2 ]
Position 40: [VUI  0  1  4  3  2 ]
Position 41: [VUI  0  4  1  2  3 ]
Position 42: [VUI  0  4  1  2  3 ]
Position 43: [VUI  0  1  4  3  2 ]
Position 44: [VUI  0  1  4  3  2 ]
Position 45: [VUI  0  4  3  2  1 ]
Position 46: [VUI  0  1  4  3  2 ]
Position 47: [VUI  0  1  4  3  2 ]
Number of aUtils: 48
There are 6 unique positions 
   0:  0.2734 
   1:  0.1150 
   2:  0.1519 
   3:  0.3386 
   5:  0.1098 
  10:  0.0113 

Actor expected utilities: 0.9093, 0.7998, 0.6781, 0.5767, 0.8358, 0.6331, 0.5832, 0.7098, 0.9121, 0.7912, 0.9296, 0.9018, 0.9718, 0.6219, 0.6750, 0.7455, 0.7022, 0.7178, 0.8052, 0.6432, 0.7404, 0.7413, 0.7775, 0.7897, 0.8998, 0.8456, 0.2646, 0.8645, 0.9685, 0.9245, 0.8384, 0.6210, 0.6023, 0.3810, 0.3580, 0.4291, 0.4274, 0.9495, 0.9545, 0.9980, 0.9812, 0.9656, 0.9189, 0.7405, 0.5988, 0.5959, 0.9999, 0.8191, 


Starting Model::run iteration 6

State number 5
Position 00: [VUI  0  4  1  3  2 ]
Position 01: [VUI  0  1  3  2  4 ]
Position 02: [VUI  0  4  3  1  2 ]
Position 03: [VUI  0  1  4  2  3 ]
Position 04: [VUI  0  1  3  2  4 ]
Position 05: [VUI  0  3  4  1  2 ]
Position 06: [VUI  0  4  3  1  2 ]
Position 07: [VUI  0  1  4  2  3 ]
Position 08: [VUI  0  1  4  2  3 ]
Position 09: [VUI  0  1  3  2  4 ]
Position 10: [VUI  1  0  4  2  3 ]
Position 11: [VUI  0  1  3  2  4 ]
Position 12: [VUI  0  1  4  2  3 ]
Position 13: [VUI  0  1  4  2  3 ]
Position 14: [VUI  0  1  4  2  3 ]
Position 15: [VUI  0  1  3  2  4 ]
Position 16: [VUI  0  4  1  3  2 ]
Position 17: [VUI  0  4  1  3  2 ]
Position 18: [VUI  0  3  1  4  2 ]
Position 19: [VUI  0  4  3  1  2 ]
Position 20: [VUI  0  1  4  2  3 ]
Position 21: [VUI  0  1  3  2  4 ]
Position 22: [VUI  0  1  4  2  3 ]
Position 23: [VUI  0  3  1  4  2 ]
Position 24: [VUI  0  1  4  2  3 ]
Position 25: [VUI  0  1  4  2  3 ]
Position 26: [VUI  0  3  4  1  2 ]
Position 27: [VUI  0  1  3  2  4 ]
Position 28: [VUI  0  1  4  2  3 ]
Position 29: [VUI  0  1  4  2  3 ]
Position 30: [VUI  0  4  1  3  2 ]
Position 31: [VUI  0  1  4  2  3 ]
Position 32: [VUI  0  4  3  1  2 ]
Position 33: [VUI  0  4  3  1  2 ]
Position 34: [VUI  0  4  3  1  2 ]
Position 35: [VUI  0  4  3  1  2 ]
Position 36: [VUI  0  4  3  1  2 ]
Position 37: [VUI  0  4  1  3  2 ]
Position 38: [VUI  0  1  4  2  3 ]
Position 39: [VUI  0  4  1  3  2 ]
Position 40: [VUI  0  1  4  2  3 ]
Position 41: [VUI  0  4  1  3  2 ]
Position 42: [VUI  0  4  1  3  2 ]
Position 43: [VUI  0  1  4  2  3 ]
Position 44: [VUI  0  1  4  2  3 ]
Position 45: [VUI  0  4  3  1  2 ]
Position 46: [VUI  0  4  1  3  2 ]
Position 47: [VUI  0  1  4  2  3 ]
Number of aUtils: 48
There are 7 unique positions 
   0:  0.3008 
   1:  0.0890 
   2:  0.1418 
   3:  0.2648 
   5:  0.1016 
  10:  0.0115 
  18:  0.0906 

Actor expected utilities: 0.9565, 0.7545, 0.7277, 0.5434, 0.8113, 0.6296, 0.6157, 0.6717, 0.8737, 0.7381, 0.9233, 0.8690, 0.9409, 0.5852, 0.6570, 0.7187, 0.7539, 0.7849, 0.7875, 0.7106, 0.7038, 0.6832, 0.7115, 0.7671, 0.8519, 0.8221, 0.2616, 0.8306, 0.9225, 0.8738, 0.8414, 0.5973, 0.6604, 0.4103, 0.3967, 0.4609, 0.4687, 0.9602, 0.9330, 0.9959, 0.9605, 0.9852, 0.9499, 0.7226, 0.5566, 0.6438, 0.9998, 0.8078, 


State number 6 matched state number 4 
  Finish time: Fri Jul  1 10:44:56 2016

  Elapsed time: 12.6422 seconds 
